0.475668552898
0.133486163587
0.129112022209
-6.17461470715
0.434982101622
0.471404977984
0.181609195402 0.158704686128
0.310344827586 0.0160165096043
0.480459770115 0.000192412564091
0.837028010192 0.855088692533 0.799456836088 0.812985233065 -0.0180606823412 0.0375711741035 0.024042777127 5.55075733641e-14 0.0 0.0
0.459574067645 -0.211783519417 0.379814543019 0.404479330019 0.671357587062 0.0797595246262 0.0550947376261 -1.49300277003e-13 0.0 0.0
0.867486823293 1.22031100535 0.816193211202 0.80844318627 -0.352824182056 0.0512936120912 0.0590436370229 -2.27009166673e-14 0.0 0.0
0.822183373458 1.10507568294 0.819358039174 0.815960603308 -0.282892309483 0.00282533428438 0.00622277014955 -1.09972035818e-12 0.0 0.0
0.644880388056 0.746419241078 0.767632602747 0.779970977111 -0.101538853022 -0.122752214691 -0.135090589055 3.2132499786e-13 0.0 0.0
0.314578087845 0.437841877734 0.507336203301 0.546563737345 -0.123263789889 -0.192758115456 -0.2319856495 1.79251578858e-13 0.0 0.0
0.868161774727 1.08392031178 0.824577262371 0.822855399606 -0.215758537056 0.0435845123559 0.045306375121 -1.43096472172e-13 0.0 0.0
0.551313568752 0.599538827132 0.381416419162 0.389717542203 -0.0482252583804 0.16989714959 0.161596026549 1.24390081568e-13 0.0 0.0
0.470814850125 0.946494234363 0.447087534654 0.489909406735 -0.475679384238 0.0237273154714 -0.0190945566104 -7.30006333161e-14 0.0 0.0
0.376435150868 1.10403755233 0.399237867682 0.397502457781 -0.727602401465 -0.0228027168142 -0.0210673069129 3.63736818443e-14 0.0 0.0
0.81753926839 1.20555541288 0.821242252249 0.818938879612 -0.388016144492 -0.00370298385922 -0.00139961122181 -1.57561463876e-13 0.0 0.0
0.812906185043 1.03900906924 0.795575779631 0.789639497982 -0.226102884192 0.0173304054115 0.0232666870605 0.0586621865119 0.00422242319606 0.01730352309
0.641263283095 -0.295022573452 0.376512013562 0.406241682447 0.936285856547 0.264751269533 0.235021600648 -0.00140039786765 0.0169715402971 0.00156596852555
0.808926412596 0.737150164501 0.823219596042 0.819746742446 0.0717762480954 -0.0142931834461 -0.0108203298497 -0.000196108295945 0.00102253184481 0.00305905308642
0.761161311903 0.959710349262 0.825658264023 0.813303844717 -0.198549037359 -0.0644969521202 -0.0521425328142 -0.00807897638196 0.00130356741548 0.000989980851554
0.863139925529 0.995698477307 0.773815250559 0.790336884324 -0.132558551778 0.0893246749699 0.072803041205 -0.00259168694019 0.00999128140863 0.00122730611544
0.6082319827 1.03507510496 0.82615651319 0.819504005693 -0.426843122263 -0.21792453049 -0.211272022993 -0.000427334518201 0.0219325950152 0.00548296170117
0.767050062899 0.614097852725 0.680932642125 0.646023032562 0.152952210174 0.0861174207743 0.121027030337 -0.000337235156274 0.00305591266934 0.00115038658066
0.84132918164 0.890179735305 0.756053266608 0.771201063671 -0.0488505536647 0.0852759150319 0.0701281179686 0.000183074310487 0.0192294394383 0.00188586897291
0.780694820364 0.898417105582 0.745307768189 0.718040141082 -0.117722285218 0.0353870521748 0.0626546792816 0.0130148226839 0.00192035434678 0.000567055945232
0.751261165354 -0.696833127761 0.434926510921 0.442731798894 1.44809429312 0.316334654433 0.30852936646 0.0925379430246 0.00115449148593 0.000516554874758
0.839436763634 1.0096172921 0.827505995069 0.823060455027 -0.170180528464 0.011930768565 0.016376308607 0.0265062906341 0.00165319870235 0.00254951082825
0.654653842653 0.907413814961 0.830082432341 0.814413162462 -0.252759972308 -0.175428589688 -0.159759319809 -0.0826947780867 0.0033151972107 0.00330650997469
0.763768349502 0.605589699179 0.507266323672 0.535905632502 0.158178650323 0.25650202583 0.227862717 -0.0916569696117 0.00107421641704 0.00100850838163
0.259651621786 -0.658887906807 0.3804837518 0.395745141474 0.918539528593 -0.120832130014 -0.136093519688 0.0890003362339 0.00350404463519 0.0247939851909
0.883341843399 0.637573009046 0.813291401631 0.821685768348 0.245768834353 0.0700504417681 0.0616560750512 -0.104988111831 0.000722646787586 0.00868011854626
0.875958665224 0.596595095382 0.79083261367 0.809948254106 0.279363569842 0.0851260515545 0.0660104111175 8.06646416329e-14 0.0 0.0
0.672403100838 1.05731474784 0.827877130755 0.809564957623 -0.384911646999 -0.155474029917 -0.137161856785 0.242286281512 0.00184037508148 0.00122112262058
0.434650322458 1.08147555794 0.605763175932 0.600926641858 -0.646825235483 -0.171112853474 -0.1662763194 -0.41673260907 0.0122033783054 0.00656353411439
0.69393557506 1.11389010663 0.823962799871 0.81154408862 -0.419954531574 -0.130027224811 -0.11760851356 0.124654660357 0.00101704246346 0.00267301358895
