RMSE(LR) = 1.01340419543
RMSE(RF) = 0.132697023595
RMSE(RF)= 0.14730316058

Explained Variance(LR) = -28.7978494233
Explained Variance(RF) = 0.489092957911
Explained Variance(ET) = 0.370430534985

Kendall tau, p_value (LR) = 0.301587301587 0.024306909791
Kendall tau, p_value(RF) = 0.201058201058 0.133227464859
Kendall tau, p_value(ET) = 0.253968253968 0.0578773402394

 Measured s2   LR Predict s2  RF Predict s2  ET Predict s2  LR s2 Diff     RF s2 Diff      ET s2 Diff       LR_RC          RF_FI  ET_FI
0.866888742353 0.805691700829 0.806201589431 0.793794877516 0.061197041524 0.0606871529218 0.0730938648368 1.28273856381e-13 0.0 0.0
0.663374523735 0.753997013402 0.835433770232 0.824878290355 -0.0906224896673 -0.172059246497 -0.16150376662 1.45662561873e-13 0.0 0.0
0.837140587325 0.83383041483 0.84188078751 0.833020414055 0.00331017249503 -0.00474020018529 0.00412017327037 9.455202463e-14 0.0 0.0
0.862817029036 0.837184496368 0.71326206441 0.756204002552 0.0256325326684 0.149554964626 0.106613026484 3.14290694164e-14 0.0 0.0
0.847453251849 0.757550348777 0.830843500823 0.826585623873 0.0899029030717 0.016609751026 0.0208676279758 4.48768626427e-14 0.0 0.0
0.129653316392 -0.71242822105 0.465666358376 0.544162670254 0.842081537442 -0.336013041984 -0.414509353862 6.15941759402e-14 0.0 0.0
0.892660363204 0.886344213955 0.749109863702 0.787381481975 0.00631614924924 0.143550499502 0.105278881229 8.18876216835e-15 0.0 0.0
0.816278778372 0.690650430932 0.754180561097 0.764321102851 0.12562834744 0.0620982172747 0.0519576755206 -4.3780083725e-15 0.0 0.0
0.791891808887 0.688141676543 0.848749348621 0.838706043484 0.103750132344 -0.0568575397344 -0.0468142345967 1.54043444667e-14 0.0 0.0
0.752627770276 0.830629104664 0.748869061739 0.774675516201 -0.0780013343878 0.00375870853701 -0.0220477459247 -9.16107467663e-15 0.0 0.0
0.641307096019 0.60311423549 0.792274009194 0.797322154331 0.0381928605293 -0.150966913175 -0.156015058312 -2.09125251838e-14 0.0 0.0
0.810541740958 0.933245634765 0.827064570272 0.810981661018 -0.122703893807 -0.0165228293144 -0.000439920060277 0.0475010425437 0.531803558008 0.258896598338
0.705506941935 0.776098781632 0.831904306271 0.814097392005 -0.070591839697 -0.126397364336 -0.10859045007 -0.0012550351429 0.0250847647333 0.00617993396101
0.7914537527 0.849501534598 0.828539350789 0.819120902884 -0.0580477818981 -0.0370855980893 -0.0276671501841 -0.000111938499264 0.00856880392368 0.00745737521236
0.853709358051 0.821420587161 0.830681713605 0.829043960542 0.0322887708899 0.0230276444456 0.0246653975086 -0.000621740523453 0.0138359910946 0.00795612367753
0.856210273866 0.754205712034 0.834111379407 0.827534748868 0.102004561832 0.0220988944593 0.0286755249977 -0.00256029838475 0.000451508511722 0.000932646810386
0.831939731734 0.756544541905 0.764317900528 0.812455921327 0.0753951898292 0.0676218312056 0.0194838104071 -0.000662477232042 0.0645419138372 0.00892317599512
0.868420875956 0.604183043154 0.811991700546 0.813315744107 0.264237832802 0.0564291754095 0.0551051318492 -0.000267777374331 0.00191149195341 0.00355054344491
0.852128547068 0.741524524706 0.775683005612 0.780674654679 0.110604022362 0.0764455414556 0.0714538923892 -0.00126730518422 0.0236514081641 0.0111952623141
0.379694775262 -4.37407967043 0.441328002534 0.480520588102 4.75377444569 -0.061633227272 -0.10082581284 0.0414937485105 0.00125530361486 0.0010218829444
0.404472106329 2.00593715797 0.520256937895 0.671877874302 -1.60146505164 -0.115784831566 -0.267405767973 0.000331426452622 0.0037354380383 0.000395263264137
0.854455359033 0.794100462609 0.70344352982 0.688077345784 0.0603548964236 0.151011829213 0.166378013249 -0.0342228131146 0.000388873251733 0.00213418197155
0.735497377513 0.801970452342 0.732008511754 0.670498553523 -0.0664730748287 0.00348886575935 0.0649988239899 -0.00726583714811 0.00612038640108 0.00744728613489
0.819157747226 0.65264276257 0.829028102071 0.81250836154 0.166514984656 -0.00987035484547 0.00664938568588 0.0373527871276 0.000421507657708 0.00258898606597
0.853713527138 0.842721039147 0.712024213456 0.673122171773 0.0109924879909 0.141689313682 0.180591355365 0.0229263167446 0.0104726551719 0.022003933729
0.606358477041 -0.98999586852 0.435627274653 0.47779278157 1.59635434556 0.170731202388 0.128565695471 0.0593617076075 0.000165756766475 0.00144256146073
0.38754911116 0.723197902985 0.776779154796 0.790884705676 -0.335648791825 -0.389230043636 -0.403335594516 1.51961776496e-15 0.0 0.0
0.652378973087 0.748048668394 0.676707782267 0.591295618506 -0.0956696953065 -0.0243288091801 0.0610833545806 0.192933607867 0.0109727817171 0.00192451937329
