0.391220079003
0.111771846207
0.111907171943
-8.60885055421
0.215678689871
0.213778334554
0.102040816327 0.300958437847
0.31462585034 0.00142598508106
0.207482993197 0.0354448107549
0.811365021576 0.6066432726 0.804312175552 0.81345371037 0.204721748976 0.00705284602414 -0.00208868879447 -3.27118369284e-11 0.0 0.0
0.888687740174 0.759869645435 0.84492826598 0.830787185015 0.128818094739 0.0437594741938 0.0579005551587 2.72873081552e-11 0.0 0.0
0.686263298308 0.389566720112 0.516842355982 0.540626834556 0.296696578196 0.169420942326 0.145636463752 8.58278754057e-11 0.0 0.0
0.639489815014 0.763040252591 0.658827233404 0.660366322907 -0.123550437577 -0.01933741839 -0.0208765078926 -8.17377506825e-11 0.0 0.0
0.88152518605 0.920995986207 0.85634453236 0.831353952318 -0.0394708001569 0.02518065369 0.0501712337318 5.22088631008e-11 0.0 0.0
0.751312299533 0.905940073964 0.791148478951 0.784675399295 -0.154627774431 -0.0398361794181 -0.0333630997619 1.50810136948e-11 0.0 0.0
0.679997349474 0.791556232482 0.706511008372 0.684335958255 -0.111558883008 -0.0265136588981 -0.00433860878139 5.0301412341e-12 0.0 0.0
0.693322320058 0.809128807062 0.84160383938 0.834092388506 -0.115806487004 -0.148281519322 -0.140770068448 -5.60735485822e-12 0.0 0.0
0.570681577096 0.777465583952 0.832034927896 0.836281758714 -0.206784006856 -0.2613533508 -0.265600181618 -7.60515608822e-12 0.0 0.0
0.882878431791 1.01893875001 0.838082986721 0.823370538787 -0.13606031822 0.0447954450695 0.0595078930042 -2.44263984039e-12 0.0 0.0
0.85415172951 0.414887980561 0.827636928892 0.834192808123 0.439263748949 0.0265148006181 0.0199589213872 7.71658778542e-13 0.0 0.0
0.272987872453 1.33240305137 0.503939570522 0.537419822445 -1.05941517891 -0.230951698069 -0.264431949992 -0.0797473337291 0.0001612040612 0.00524069650743
0.890757451553 0.466445973829 0.816328315879 0.827874873601 0.424311477724 0.0744291356739 0.0628825779525 8.32048934786e-05 0.0313336473952 0.0196240800563
0.842982306015 0.112835893075 0.545317406271 0.578246629029 0.73014641294 0.297664899744 0.264735676986 -7.90508114265e-05 0.00781247972558 0.0123640537167
0.669258200512 0.584778007063 0.793736641234 0.79499032752 0.0844801934494 -0.124478440722 -0.125732127008 0.00158350943709 0.00101283875518 0.00166811931103
0.783033000952 0.87133304233 0.760175106562 0.735026270594 -0.0883000413785 0.0228578943901 0.0480067303581 0.0128128038875 0.0551373184244 0.00833570834899
0.585553122167 0.963635608574 0.749630404904 0.716176097342 -0.378082486407 -0.164077282737 -0.130622975175 -0.0010204005993 0.0066480076373 0.000656971439828
0.513128162416 0.693674970419 0.772244713315 0.775954846713 -0.180546808003 -0.259116550899 -0.262826684297 0.00103587568807 0.00346333399106 0.0004149285599
0.881430298906 0.725301520422 0.841125961638 0.838344789258 0.156128778484 0.0403043372681 0.0430855096483 -0.000993582615049 0.00665051109084 0.00223363778418
0.842083972225 0.845666982032 0.797894934072 0.826696723985 -0.00358300980698 0.0441890381528 0.0153872482395 -0.00849081759581 0.00354536666339 0.00206739536822
0.784441623316 0.375038014074 0.682090308561 0.669042715938 0.409403609242 0.102351314755 0.115398907378 -0.0690073614453 0.0025930131002 0.00351142139595
0.837041982155 0.189980596474 0.838445850266 0.828379488738 0.647061385681 -0.00140386811111 0.00866249341661 -0.0170391085549 0.00117415397973 0.00193959020812
0.758908381513 0.627203410246 0.830374984475 0.830695662779 0.131704971267 -0.0714666029621 -0.0717872812659 0.0467772067534 0.0021051893387 0.00167085608483
0.794948075677 0.559518014495 0.823571555321 0.829200161919 0.235430061182 -0.0286234796437 -0.0342520862416 0.0558397615203 0.002658739659 0.00116000922849
0.639034705366 0.445981181112 0.725741547606 0.714473990137 0.193053524254 -0.0867068422403 -0.0754392847714 -0.0274899845 0.00369021890191 0.0185814730368
0.752398353707 0.721396617241 0.829359365261 0.832033461628 0.0310017364663 -0.0769610115541 -0.0796351079209 0.0204444465256 0.00275469863068 0.00866326191916
0.605850808 0.481274875103 0.832380267231 0.833464142679 0.124575932897 -0.226529459231 -0.227613334679 8.82627304577e-15 0.0 0.0
0.878489136502 0.693086344824 0.814176649383 0.833314273041 0.185402791678 0.0643124871189 0.0451748634613 0.0692221536739 0.0282834829731 0.00430241696785
0.498917588535 0.257097823743 0.489788186955 0.534413935589 0.241819764792 0.00912940158012 -0.0354963470538 -0.0175816895957 0.00427225577496 0.00285479386953
0.7796679344 0.74525328093 0.781243292839 0.787165249625 0.0344146534704 -0.00157535843871 -0.007497315225 -0.354958271579 0.0131164690151 0.0164533520956
0.803596109721 1.3697967624 0.847967521394 0.826214292552 -0.566200652677 -0.0443714116725 -0.0226181828314 0.253001994124 0.0180890415566 0.0119564995251
0.853816796611 1.55160826459 0.845609475106 0.831791991649 -0.697791467977 0.00820732150518 0.0220248049621 -0.109619548958 0.0110707635182 0.0165449871443
0.78231880108 0.144784353264 0.662718034731 0.668806907315 0.637534447816 0.119600766349 0.113511893765 0.24730356663 0.00890364875022 0.0169527770549
0.787192697318 0.187606351848 0.756157507816 0.719277962895 0.59958634547 0.0310351895018 0.0679147344234 0.408731170816 0.00646911785306 0.0209721257455
0.813801434143 0.735788357873 0.632385163879 0.640093802967 0.07801307627 0.181416270264 0.173707631176 0.504860972952 0.0125183588532 0.0303248409304
0.886500273144 1.70530326498 0.837342298001 0.830161429052 -0.818802991839 0.0491579751435 0.0563388440921 -0.780847200751 0.00960796528358 0.0278364657211
0.899228399085 0.76247397663 0.78225139578 0.793593775233 0.136754422455 0.116977003305 0.105634623852 0.0098157727999 0.0267946721454 0.0297899691493
0.850114682817 1.18284700431 0.836468110616 0.832813924762 -0.332732321494 0.0136465722009 0.0173007580546 0.703716198879 0.128555041073 0.0407149001562
0.8873995934 0.878876242404 0.841045765915 0.824981564208 0.00852335099565 0.0463538274852 0.0624180291917 -1.73383341049 0.0861130061269 0.0548031800661
0.815862831096 0.860827629868 0.755145764863 0.716091437227 -0.0449647987723 0.0607170662326 0.099771393869 0.312642391976 0.02869425527 0.0438493659203
0.81343400631 0.371928365026 0.764494189565 0.741356262029 0.441505641284 0.0489398167445 0.0720777442807 0.825058287655 0.00935534362017 0.0345293092032
0.881119329286 1.62632721606 0.834653507818 0.833547367813 -0.745207886777 0.0464658214682 0.0475719614726 -0.504109204626 0.00732145711933 0.0213691123522
0.860306591936 0.281473859678 0.766011522216 0.775210043332 0.578832732258 0.0942950697204 0.0850965486043 0.0616468793427 0.0111589489931 0.0329867748579
0.865339519742 0.732765767544 0.813036101812 0.799099542402 0.132573752198 0.0523034179302 0.0662399773397 0.194585057615 0.113351175456 0.0261107293162
0.771812450024 1.41201545291 0.834347945577 0.83039654779 -0.640203002882 -0.0625354955529 -0.0585840977656 0.0589148190006 0.0531601576874 0.0497157605639
0.682152430532 0.416404708663 0.763691068062 0.800909247876 0.265747721869 -0.0815386375302 -0.118756817344 0.370180532088 0.0494487145281 0.0286907898655
0.88189377428 0.566927217653 0.738763760623 0.760403963319 0.314966556627 0.143130013657 0.121489810961 -0.25336606323 0.0430561904227 0.0302732604612
0.690365185613 0.38934561256 0.812863190583 0.834873136205 0.301019573053 -0.12249800497 -0.144507950592 -0.0740513709343 0.0450377275609 0.0385740670524
0.703900011763 0.561238728536 0.767875155429 0.767496864607 0.142661283227 -0.0639751436658 -0.0635968528437 -0.491420918339 0.013232869546 0.0293132411123
