1.95763251779
0.141725881125
0.143027327676
-115.609030568
0.388821348987
0.37754509608
0.0764912280702 0.32822287172
0.398596491228 3.49105753697e-07
0.422456140351 6.67254075085e-08
0.856468606649 1.23606491089 0.80037603545 0.802864078226 -0.37959630424 0.0560925711991 0.0536045284226 -9527842224.71 0.0 0.0
0.635765388128 1.30403852463 0.781452672091 0.759199353265 -0.6682731365 -0.145687283963 -0.123433965137 -3599427789.35 0.0 0.0
0.601848456581 0.81826543808 0.708334745071 0.698397366493 -0.216416981499 -0.10648628849 -0.0965489099116 1084947632.6 0.0 0.0
0.825984225681 0.993228435516 0.814734046685 0.81501035446 -0.167244209835 0.0112501789956 0.010973871221 -550227288.324 0.0 0.0
0.84822100404 0.843761920929 0.792706580155 0.805240006888 0.00445908311104 0.0555144238848 0.0429809971516 -3225884474.09 0.0 0.0
0.59566159219 11.1708564758 0.624988889876 0.616418336802 -10.5751948836 -0.0293272976857 -0.0207567446116 782241827.105 0.0 0.0
0.666899184244 0.999690532684 0.821558027668 0.820342375047 -0.33279134844 -0.154658843424 -0.153443190803 358644281.021 0.0 0.0
0.822728202034 0.322104930878 0.797811343621 0.793562522816 0.500623271156 0.0249168584127 0.0291656792179 176483307.691 0.0006983814158 0.00706786797143
0.847416055997 0.645354747772 0.741600321202 0.772124505328 0.202061308225 0.105815734795 0.0752915506693 214454681.009 0.0 0.0
0.82795046944 0.331905841827 0.767744562668 0.771020331475 0.496044627613 0.0602059067718 0.0569301379651 176483307.711 0.000472503391883 0.00805031678416
0.869696421108 1.25709295273 0.793488317807 0.789729920565 -0.38739653162 0.0762081033013 0.0799665005435 -23666319.1923 0.0 0.0
0.830458157783 0.777334213257 0.83189048463 0.82699441777 0.0531239445262 -0.001432326847 0.00346374001342 -0.0799762587994 0.0333701678579 0.0920985048659
0.901130851567 0.870854377747 0.804392373102 0.789463373005 0.0302764738204 0.096738478465 0.111667478562 0.000188291072845 0.0439660266667 0.010061711972
0.874642977892 0.75817489624 0.802707027283 0.798749065363 0.116468081652 0.071935950609 0.0758939125293 -0.000153541564941 0.00882445408915 0.00968733252797
0.789171657502 1.54273891449 0.734847281574 0.754000865759 -0.753567256988 0.0543243759277 0.0351707917427 -0.00490292906761 0.0104736878893 0.00739328502534
0.849219260712 1.16811656952 0.80989302559 0.801432251795 -0.318897308807 0.0393262351218 0.0477870089168 0.00482907891273 0.0343170604896 0.0163916961487
0.746486657166 0.330508232117 0.756881846454 0.748687872309 0.415978425049 -0.0103951892879 -0.0022012151433 0.0010894536972 0.0229239835638 0.00772971313466
0.826447926603 -0.430177688599 0.739241716047 0.713862937401 1.2566256152 0.0872062105564 0.112584989202 -0.00107696652412 0.0240859677575 0.0100560883139
0.195289032552 6.13945484161 0.578000980766 0.564274884528 -5.94416580906 -0.382711948214 -0.368985851976 -0.000974774360657 0.0343955842836 0.0128035758958
0.846256226026 0.631253242493 0.792528453551 0.799398541139 0.215002983533 0.0537277724749 0.0468576848872 0.053242713213 0.008374756797 0.0056268841806
0.143152438769 -0.263937473297 0.550567844668 0.563799491306 0.407089912066 -0.407415405899 -0.420647052537 -0.0401206612587 0.0205892498467 0.00877426241865
0.864561668632 0.189611434937 0.805285883454 0.823305633938 0.674950233695 0.0592757851776 0.0412560346942 -0.0206795558333 0.0100517788304 0.0112425870174
0.812831770957 0.444139957428 0.777667427879 0.769538743447 0.368691813529 0.035164343078 0.0432930275101 0.0751949846745 0.0267449828902 0.0081855348136
0.859966732948 0.863492012024 0.739078068464 0.769620556389 -0.00352527907593 0.120888664484 0.0903461765595 0.120476424694 0.0051127278773 0.00412378934327
0.854245934524 0.962440490723 0.743315498901 0.745800125601 -0.108194556199 0.110930435623 0.108445808923 0.0675120214 0.124625343526 0.105811753608
0.861892620068 1.37388753891 0.854133716921 0.837867633172 -0.511994918842 0.00775890314659 0.0240249868963 0.0616324627772 0.00285794599762 0.0157153474326
0.867381058611 0.529256343842 0.794073647486 0.786827770334 0.338124714769 0.0733074111252 0.0805532882767 -150021.69059 0.0 0.0
0.851782757887 1.05445098877 0.834210908134 0.825534212244 -0.202668230883 0.0175718497531 0.0262485456433 0.232812548056 0.0120391665892 0.00791306821534
0.89067736004 0.846616268158 0.763976196283 0.774815059458 0.044061091882 0.126701163757 0.115862300582 0.463133661076 0.0176924990044 0.0144475261438
0.776960476954 0.992565155029 0.775747804103 0.793650672668 -0.215604678075 0.00121267285109 -0.0166901957136 -0.512430703267 0.0177274232039 0.00699631701315
0.907279753627 0.809918403625 0.750748571444 0.771408697707 0.0973613500015 0.156531182183 0.13587105592 -0.5033026319 0.0436118400276 0.012343990055
0.290824878215 0.703187942505 0.705182225892 0.697017903432 -0.41236306429 -0.414357347677 -0.406193025217 0.619511194527 0.00753484063905 0.00694629340333
0.831159343942 0.441723823547 0.800224465731 0.789567128948 0.389435520395 0.0309348782109 0.0415922149942 0.153665263206 0.0159954027576 0.00558230679041
0.293140962958 0.28991317749 0.604688870217 0.650807179954 0.00322778546777 -0.311547907259 -0.357666216996 0.361195502803 0.0100784752529 0.009454243123
0.808108206365 1.69401168823 0.783362592528 0.784383327889 -0.885903481867 0.0247456138374 0.023724878476 -0.450240690261 0.0048414824406 0.0120282348029
0.751672674578 1.03586578369 0.817912306533 0.799342142604 -0.284193109113 -0.0662396319549 -0.0476694680259 -0.38533506915 0.00760764203144 0.0157467114706
0.837896130702 0.492678642273 0.797601834062 0.798606194444 0.345217488429 0.0402942966399 0.0392899362578 0.262578323483 0.00885628123521 0.0157153628769
0.848315937102 0.158474445343 0.829018577986 0.822490984502 0.689841491759 0.0192973591162 0.0258249526 0.705431364477 0.00418408020039 0.0109979377597
0.09836708222 0.613386154175 0.674783153095 0.678674065633 -0.515019071955 -0.576416070875 -0.580306983413 -1.29706155136 0.00762740859368 0.0208011414788
0.867006722154 1.00197792053 0.762378909041 0.781374513277 -0.134971198378 0.104627813113 0.0856322088766 0.0570791549981 0.0280499914884 0.0265577499461
0.743579205212 0.287220954895 0.724255660016 0.738344149186 0.456358250317 0.0193235451958 0.00523505602552 -0.889684669673 0.0119528244476 0.021251419701
0.677108787922 -8.59616470337 0.650560519777 0.622522815709 9.27327349129 0.026548268145 0.0545859722125 0.304098192602 0.00907868565199 0.0232407119058
0.645187821768 0.707270145416 0.792347016606 0.782915647189 -0.0620823236483 -0.147159194838 -0.137727825421 0.532045852393 0.0118131620548 0.0161680541405
0.865643788968 1.24679613113 0.769175813919 0.769621075362 -0.381152342166 0.0964679750492 0.096022713606 0.52876476571 0.014190500299 0.0168122166531
0.743060050088 0.647395610809 0.778596229582 0.802432763652 0.0956644392787 -0.035536179494 -0.0593727135637 -0.693022612482 0.00431233718321 0.0159490281779
0.875119436555 0.949080467224 0.827547573506 0.830856625957 -0.0739610306691 0.0475718630493 0.0442628105984 0.291794627905 0.00675640244618 0.0148828489317
0.73699464993 1.63293218613 0.775618814124 0.798438855151 -0.895937536197 -0.0386241641943 -0.0614442052212 0.389656540006 0.00496736043282 0.0100756856752
0.751836586228 0.905361175537 0.782261606611 0.790560935015 -0.153524589309 -0.0304250203826 -0.0387243487873 0.880029337481 0.00308481828445 0.0127405965005
0.739874707334 0.789085865021 0.719516748009 0.732118156973 -0.0492111576868 0.0203579593247 0.00775655036105 -0.0692090820521 0.0195092406263 0.0245608104982
0.845980817687 0.780257701874 0.830132299522 0.819242751833 0.0657231158132 0.015848518165 0.0267380658542 -1.38943954557 0.00475224376106 0.0193437896308
0.892756857577 0.261642456055 0.762112778737 0.765828622024 0.631114401522 0.13064407884 0.126928235553 2.17064589262 0.0068146476862 0.0167312178082
0.821399346223 1.39044761658 0.792015758653 0.785341924163 -0.569048270354 0.0293835875696 0.0360574220603 -2.07903224975 0.0146239259425 0.0122267122707
0.699136357522 0.430160045624 0.840282180974 0.83662647224 0.268976311898 -0.141145823452 -0.137490114718 1.89146790653 0.013469867362 0.010494148456
0.842747092177 0.774814128876 0.781795628441 0.814567514696 0.0679329633013 0.0609514637362 0.0281795774808 -1.74763796479 0.0111508207915 0.00734896070545
0.780614829242 1.15457868576 0.793985912499 0.785453379957 -0.373963856518 -0.0133710832573 -0.00483855071477 1.03817154467 0.0133574543457 0.0102258464558
0.759618644478 0.761584281921 0.749209128195 0.744903681282 -0.00196563744339 0.0104095162832 0.0147149631956 0.885105732828 0.00823179774018 0.0099675900271
0.704140261266 0.953908920288 0.735557960705 0.727614486167 -0.249768659022 -0.0314176994386 -0.0234742249011 -1.95045781508 0.00303366455312 0.00801122451162
0.652229273358 7.30096960068 0.645740610372 0.62744837337 -6.64874032732 0.00648866298626 0.0247808999881 -1.27823152021 0.00403290637661 0.00636933067112
0.33218033855 0.796990871429 0.716610207718 0.717498556568 -0.464810532879 -0.384429869168 -0.385318218018 0.0214848481119 0.0322097016181 0.00837501322479
0.745989630374 0.479336738586 0.779424434798 0.76573727467 0.266652891788 -0.0334348044237 -0.0197476442955 1.21568286791 0.00373782219455 0.00746368252595
0.8523181086 1.61585998535 0.807991625656 0.815525528464 -0.763541876752 0.0443264829441 0.0367925801361 -0.423742974177 0.0068976002562 0.00843770016686
0.830912110439 1.44352197647 0.786811684205 0.784235257198 -0.612609866032 0.0441004262341 0.0466768532406 0.499061767012 0.00871122012075 0.00636499719845
0.426342700898 1.2523431778 0.74229973901 0.769301949578 -0.826000476897 -0.315957038112 -0.34295924868 0.625649668276 0.00490909324666 0.00739142402397
0.66489303765 0.146691799164 0.739656912826 0.746546307225 0.518201238486 -0.0747638751759 -0.0816532695753 -1.59212337434 0.00723338304271 0.00670460427134
0.862650338333 1.35714197159 0.830767794353 0.824563140881 -0.494491633255 0.0318825439804 0.0380871974522 0.86939432472 0.00381699274885 0.00808425627726
0.861432395533 0.67377948761 0.820058576783 0.814828306839 0.187652907923 0.0413738187498 0.0466040886944 1.26076489687 0.00574512620904 0.00911407949067
0.901905686255 1.43441534042 0.784195158936 0.805352695239 -0.532509654169 0.117710527319 0.0965529910163 -0.382959127426 0.00603283835766 0.014201254409
0.741599035656 1.313331604 0.729647044323 0.712713649276 -0.571732568348 0.0119519913326 0.0288853863797 -0.847504377365 0.00643315542383 0.0152384520837
0.67139673069 0.332683563232 0.730770116796 0.724474948594 0.338713167458 -0.0593733861063 -0.053078217904 -0.245570756495 0.014793468581 0.0253628969086
0.867206635447 1.11569976807 0.757968700702 0.786220386118 -0.248493132619 0.109237934745 0.0809862493289 0.310815878212 0.014069569195 0.0216756108803
0.707664477372 1.19969987869 0.75096557812 0.762489691613 -0.492035401321 -0.0433011007482 -0.0548252142411 0.207967251539 0.0269929585445 0.0138970810588
0.835837478036 1.12403774261 0.74237668127 0.707840791686 -0.288200264579 0.0934607967657 0.12799668635 0.702784977853 0.0058848472284 0.0156966115013
0.398519810645 -0.420791625977 0.525939343006 0.561131414046 0.819311436622 -0.127419532361 -0.162611603401 0.303479410708 0.00719213010711 0.0121666904587
0.807154098802 0.508365631104 0.765072716146 0.794144351848 0.298788467698 0.0420813826561 0.0130097469536 -1.16139182076 0.00524262045991 0.0104216841647
0.800096395735 0.901927471161 0.769521651008 0.774440859674 -0.101831075426 0.0305747447265 0.0256555360606 0.660762574524 0.0195614756273 0.014084793151
0.818057204622 1.07278442383 0.829659142665 0.795347976494 -0.254727219206 -0.0116019380427 0.0227092281285 -1.24503032118 0.0122698889503 0.0135962597361
