0.391220079003
0.111234591318
0.111495672198
-8.60885055421
0.223200579251
0.21954981773
0.102040816327 0.300958437847
0.304421768707 0.00202936342027
0.224489795918 0.0228677730187
0.811365021576 0.6066432726 0.80682704559 0.813029918111 0.204721748976 0.00453797598611 -0.00166489653528 -3.27118369284e-11 0.0 0.0
0.888687740174 0.759869645435 0.847081985103 0.831048525202 0.128818094739 0.0416057550713 0.0576392149723 2.72873081552e-11 0.0 0.0
0.686263298308 0.389566720112 0.519539201761 0.53864127983 0.296696578196 0.166724096547 0.147622018478 8.58278754057e-11 0.0 0.0
0.639489815014 0.763040252591 0.660683100077 0.654225075453 -0.123550437577 -0.0211932850629 -0.0147352604391 -8.17377506825e-11 0.0 0.0
0.88152518605 0.920995986207 0.855663197083 0.833007576239 -0.0394708001569 0.0258619889668 0.0485176098108 5.22088631008e-11 0.0 0.0
0.751312299533 0.905940073964 0.789007227523 0.784436376564 -0.154627774431 -0.0376949279899 -0.0331240770308 1.50810136948e-11 0.0 0.0
0.679997349474 0.791556232482 0.716468605698 0.68530252164 -0.111558883008 -0.036471256224 -0.00530517216603 5.0301412341e-12 0.0 0.0
0.693322320058 0.809128807062 0.838734462812 0.834802388038 -0.115806487004 -0.145412142754 -0.14148006798 -5.60735485822e-12 0.0 0.0
0.570681577096 0.777465583952 0.832621533256 0.835799177958 -0.206784006856 -0.26193995616 -0.265117600862 -7.60515608822e-12 0.0 0.0
0.882878431791 1.01893875001 0.833812944569 0.823372460438 -0.13606031822 0.0490654872224 0.0595059713528 -2.44263984039e-12 0.0 0.0
0.85415172951 0.414887980561 0.830726034537 0.835136376937 0.439263748949 0.0234256949734 0.0190153525733 7.71658778542e-13 0.0 0.0
0.272987872453 1.33240305137 0.506637144883 0.534609904054 -1.05941517891 -0.23364927243 -0.261622031601 -0.0797473337291 0.000316342503341 0.00976997408373
0.890757451553 0.466445973829 0.815870644831 0.826837028792 0.424311477724 0.074886806722 0.0639204227606 8.32048934786e-05 0.0307696002861 0.0176511880386
0.842982306015 0.112835893075 0.553918346845 0.583080010509 0.73014641294 0.28906395917 0.259902295506 -7.90508114265e-05 0.00898628349012 0.0173100411232
0.669258200512 0.584778007063 0.795445176037 0.791584341773 0.0844801934494 -0.126186975525 -0.122326141261 0.00158350943709 0.00140998759533 0.00146409113118
0.783033000952 0.87133304233 0.761766939358 0.738121301302 -0.0883000413785 0.0212660615936 0.0449116996496 0.0128128038875 0.053025438782 0.00783421953392
0.585553122167 0.963635608574 0.747223759776 0.717690639294 -0.378082486407 -0.161670637609 -0.132137517127 -0.0010204005993 0.00376200357942 0.000427964043333
0.513128162416 0.693674970419 0.775463865471 0.778959116341 -0.180546808003 -0.262335703055 -0.265830953925 0.00103587568807 0.00167031381196 0.000601646430138
0.881430298906 0.725301520422 0.842607182465 0.841323984854 0.156128778484 0.0388231164413 0.0401063140524 -0.000993582615049 0.00686996698452 0.00273913780917
0.842083972225 0.845666982032 0.79730250586 0.82543823917 -0.00358300980698 0.0447814663645 0.0166457330547 -0.00849081759581 0.00358747822207 0.0031684920391
0.784441623316 0.375038014074 0.675744400687 0.665546796763 0.409403609242 0.108697222629 0.118894826553 -0.0690073614453 0.00215992756802 0.00411544037239
0.837041982155 0.189980596474 0.83784180416 0.827837829539 0.647061385681 -0.000799822004979 0.0092041526156 -0.0170391085549 0.0018002271096 0.00243540564393
0.758908381513 0.627203410246 0.830516257146 0.831636840105 0.131704971267 -0.0716078756327 -0.0727284585916 0.0467772067534 0.00117823357834 0.00159207806761
0.794948075677 0.559518014495 0.822029680174 0.827516430689 0.235430061182 -0.0270816044973 -0.032568355012 0.0558397615203 0.0028106738125 0.000576713714486
0.639034705366 0.445981181112 0.725746330441 0.712957808968 0.193053524254 -0.0867116250755 -0.0739231036022 -0.0274899845 0.00795092131238 0.0227133850722
0.752398353707 0.721396617241 0.829627081888 0.833976485858 0.0310017364663 -0.0772287281806 -0.0815781321513 0.0204444465256 0.0018436225853 0.00867732436305
0.605850808 0.481274875103 0.835968765571 0.832771934889 0.124575932897 -0.230117957571 -0.226921126889 8.82627304577e-15 0.0 0.0
0.878489136502 0.693086344824 0.819009350377 0.834233652941 0.185402791678 0.0594797861249 0.044255483561 0.0692221536739 0.0279630952671 0.00235594647993
0.498917588535 0.257097823743 0.492513006124 0.537159525172 0.241819764792 0.0064045824112 -0.0382419366368 -0.0175816895957 0.00474462578721 0.00606587779343
0.7796679344 0.74525328093 0.786445166145 0.785823940116 0.0344146534704 -0.00677723174499 -0.00615600571644 -0.354958271579 0.0145299592599 0.0110730615862
0.803596109721 1.3697967624 0.849863663299 0.826240999411 -0.566200652677 -0.0462675535781 -0.02264488969 0.253001994124 0.00915240790836 0.0157278961803
0.853816796611 1.55160826459 0.843820293241 0.833009928039 -0.697791467977 0.00999650337048 0.0208068685718 -0.109619548958 0.00879642570184 0.0182821928938
0.78231880108 0.144784353264 0.667761462861 0.669221173495 0.637534447816 0.114557338219 0.113097627585 0.24730356663 0.0107285839917 0.0196443210414
0.787192697318 0.187606351848 0.752824615233 0.717987506079 0.59958634547 0.0343680820849 0.0692051912389 0.408731170816 0.00651797037985 0.0205012391575
0.813801434143 0.735788357873 0.642469770465 0.647424175065 0.07801307627 0.171331663678 0.166377259078 0.504860972952 0.0108951166035 0.0222651825884
0.886500273144 1.70530326498 0.837635917982 0.828486895 -0.818802991839 0.0488643551617 0.0580133781442 -0.780847200751 0.0176551362943 0.0279234845872
0.899228399085 0.76247397663 0.784519375639 0.793173832119 0.136754422455 0.114709023446 0.106054566966 0.0098157727999 0.0308525979777 0.0315053685462
0.850114682817 1.18284700431 0.835558129839 0.834655819552 -0.332732321494 0.0145565529775 0.0154588632654 0.703716198879 0.120158059833 0.0388440729431
0.8873995934 0.878876242404 0.84324406217 0.826407095945 0.00852335099565 0.0441555312304 0.0609924974547 -1.73383341049 0.0929344003421 0.0455705608507
0.815862831096 0.860827629868 0.756775302737 0.715656467649 -0.0449647987723 0.0590875283591 0.100206363447 0.312642391976 0.0277677055218 0.0363949338386
0.81343400631 0.371928365026 0.766509108216 0.742085529653 0.441505641284 0.0469248980938 0.0713484766573 0.825058287655 0.0154470691142 0.0383101590278
0.881119329286 1.62632721606 0.835516532592 0.83629657148 -0.745207886777 0.0456027966943 0.0448227578056 -0.504109204626 0.00548414348187 0.0227135548612
0.860306591936 0.281473859678 0.762917414631 0.773924376811 0.578832732258 0.0973891773049 0.086382215125 0.0616468793427 0.0129724758841 0.0346834821572
0.865339519742 0.732765767544 0.819876383891 0.798689849175 0.132573752198 0.0454631358512 0.0666496705671 0.194585057615 0.0958114962595 0.0352358792027
0.771812450024 1.41201545291 0.832798158839 0.832308914311 -0.640203002882 -0.0609857088147 -0.0604964642869 0.0589148190006 0.0467268015886 0.0406053897722
0.682152430532 0.416404708663 0.767804700645 0.799595707349 0.265747721869 -0.0856522701135 -0.117443276817 0.370180532088 0.0438034340603 0.0486922841045
0.88189377428 0.566927217653 0.741959320055 0.761191640978 0.314966556627 0.139934454225 0.120702133302 -0.25336606323 0.0415865257414 0.0292682424792
0.690365185613 0.38934561256 0.816883525029 0.836304564658 0.301019573053 -0.126518339416 -0.145939379045 -0.0740513709343 0.0562645925258 0.0246954173051
0.703900011763 0.561238728536 0.76897154629 0.769103336613 0.142661283227 -0.0650715345273 -0.0652033248505 -0.491420918339 0.018603162469 0.0309755206632
