0.148254510724
0.131832515218
0.130449262911
0.221382923037
0.38432266113
0.397174865277
0.373064876957 1.24807532425e-11
0.355525727069 1.07479160261e-10
0.387203579418 2.04645923501e-12
0.868091514945 0.765611633658 0.796600064723 0.773420657869 0.102479881287 0.0714914502222 0.0946708570763 -2.55218289825e-11 0.0 0.0
0.860693320094 0.816350057721 0.763320518499 0.780155273995 0.0443432623729 0.0973728015947 0.0805380460988 3646466755.07 0.0 0.0
0.774812346861 0.691154822707 0.616919891536 0.617481226845 0.0836575241538 0.157892455325 0.157331120016 -1662966936.33 0.0 0.0
0.835183095865 0.79459156096 0.74410576765 0.773876538981 0.0405915349052 0.0910773282145 0.0613065568836 -4446250060.82 0.0 0.0
0.745663085136 0.782759174705 0.813460749382 0.78816775685 -0.0370960895686 -0.0677976642462 -0.0425046717144 -780110879.448 0.0 0.0
0.61426761069 0.740822732449 0.813670682376 0.82856633415 -0.126555121759 -0.199403071686 -0.21429872346 -53691681.4039 0.0 0.0
0.773312621189 0.265762209892 0.680083209649 0.674552282593 0.507550411297 0.0932294115399 0.0987603385963 102757116.904 0.0 0.0
0.641889517398 0.721720144153 0.832552219088 0.840670058375 -0.0798306267546 -0.19066270169 -0.198780540977 -67596548.9187 2.32633365714e-05 0.00386292613198
0.400318748898 0.634608432651 0.728486552186 0.724010889766 -0.234289683753 -0.328167803288 -0.323692140868 -67596548.9868 0.0010868650312 0.0121185929865
0.755490967137 0.771069094539 0.734653365627 0.774433147852 -0.0155781274017 0.0208376015105 -0.0189421807154 -67596548.9489 0.000598715205529 0.00662137335037
0.719358144975 0.660603970289 0.687965055867 0.739292604474 0.0587541746858 0.0313930891079 -0.0199344594991 -67596548.9376 0.00127843014716 0.00985913706664
0.739991306884 0.717222750187 0.76739614623 0.768354214404 0.0227685566971 -0.0274048393462 -0.0283629075201 0.040892297402 0.0689945453165 0.148914395754
0.760948700172 0.683212712407 0.822441320477 0.801625565961 0.0777359877649 -0.0614926203055 -0.0406768657888 4.52995300293e-05 0.0191776705239 0.00763850461324
0.824596890759 0.862342134118 0.794340663905 0.775077556925 -0.0377452433591 0.0302562268538 0.0495193338337 -4.00543212891e-05 0.00375665779597 0.00670415329571
0.888307744558 0.893222808838 0.859150990467 0.850441787454 -0.00491506427989 0.0291567540906 0.0378659571038 0.00126822292805 0.00939980439642 0.00564429427744
0.283861818286 0.335153251886 0.49876292082 0.47653011472 -0.0512914336004 -0.214901102534 -0.192668296434 0.00325283408165 0.0156868670185 0.00625584573378
0.72817498639 0.836870282888 0.803175414689 0.821681853782 -0.108695296498 -0.0750004282993 -0.0935068673915 -3.26037406921e-05 0.0143953265897 0.0139608392767
0.715304874353 0.673448786139 0.758355968517 0.726718430894 0.0418560882135 -0.0430510941637 -0.0114135565414 4.16040420532e-05 0.109316444888 0.0122232346663
0.862409043244 0.911981031299 0.808565508964 0.825317949247 -0.0495719880546 0.0538435342799 0.0370910939966 -0.00066602230072 0.0474085619407 0.0137414696062
0.641074863753 0.624525517225 0.63034219623 0.592689498877 0.0165493465277 0.010732667523 0.0483853648759 -0.00430896878242 0.00876028815688 0.00393353570398
0.65874537231 0.763445407152 0.726866556793 0.747678080295 -0.104700034842 -0.0681211844831 -0.0889327079847 -0.015594214201 0.00960424653067 0.00382313978397
0.690452059466 0.911962464452 0.831913751887 0.831346636441 -0.221510404986 -0.141461692421 -0.140894576975 -0.0219458937645 0.0108632113787 0.00594735433717
0.853475290909 0.781210690737 0.809634372232 0.826558477267 0.0722646001722 0.043840918677 0.0269168136418 -0.0170682668686 0.0104202315395 0.00774016181185
0.82608078339 0.635327324271 0.79535613675 0.777944559603 0.190753459119 0.0307246466402 0.0481362237868 -0.0077112019062 0.00437543568184 0.00398436048788
0.857034192678 0.790852651 0.714298034291 0.737023144712 0.066181541678 0.142736158387 0.120011047966 0.0384301999584 0.105249876523 0.122652673178
0.349283509125 0.567664504051 0.504706444213 0.478426561112 -0.218380994926 -0.155422935088 -0.129143051987 0.00770591199398 0.00724671162684 0.0286840031116
0.296790575101 0.53867046535 0.503777084403 0.465895679681 -0.241879890249 -0.206986509302 -0.16910510458 181614.615483 0.0 0.0
0.858208068062 0.95501640439 0.82720626511 0.800980285847 -0.0968083363283 0.0310018029517 0.0572277822154 0.135060475208 0.0056736578927 0.00729677526413
0.896765943716 0.815467685461 0.796779157306 0.792154789439 0.081298258255 0.09998678641 0.104611154277 -0.150483997073 0.00765604272993 0.00627203612648
0.729636146509 0.780686631799 0.761672800518 0.732896406758 -0.0510504852897 -0.0320366540088 -0.00326026024936 0.089045016095 0.0223200052156 0.0107583916247
0.836268236129 0.625039964914 0.808483771729 0.793400215279 0.211228271215 0.0277844643996 0.0428680208501 0.0234131778125 0.0131897299947 0.0093750766049
0.769034401069 0.792675241828 0.818907956757 0.80141960977 -0.023640840759 -0.0498735556877 -0.0323852087014 -0.0343172985595 0.0115924979419 0.00901591995143
0.669762007996 0.807279840112 0.695790470988 0.699333937184 -0.137517832116 -0.0260284629919 -0.0295719291878 -0.0187912243418 0.0136826829687 0.00953375983109
0.911381401009 0.860147953033 0.824585395474 0.836953579421 0.0512334479756 0.086796005535 0.0744278215878 -0.171541429125 0.0129544447146 0.0107806178972
0.62001225851 0.732634857297 0.748568929617 0.733184142362 -0.112622598787 -0.128556671107 -0.113171883852 0.057519826456 0.00539399406906 0.00788717531903
0.875321336328 0.875310331583 0.821551640305 0.829649363505 1.1004744977e-05 0.0537696960227 0.045671972823 -0.0317804678343 0.0157176920054 0.0110380380978
0.841247138149 0.807545170188 0.830601359156 0.834496249707 0.033701967961 0.0106457789935 0.0067508884419 -0.0176573004574 0.025428861315 0.0114526028772
0.650783780321 0.897397339344 0.794967861012 0.793853725782 -0.246613559023 -0.144184080691 -0.143069945461 -0.0918107568286 0.0120464320372 0.00741346039667
0.867852553386 0.926066666842 0.793251137662 0.794726275798 -0.0582141134555 0.0746014157236 0.0731262775876 0.0845836768858 0.010488080505 0.00596675267329
0.89203482162 0.715922042727 0.810826940999 0.803830160268 0.176112778893 0.0812078806207 0.0882046613517 0.131004622206 0.0116560473271 0.00514337312823
0.236447867272 0.661217704415 0.665442652832 0.71807323978 -0.424769837143 -0.42899478556 -0.481625372508 0.235887250863 0.0285576198339 0.0188312699049
0.903920211797 0.813951611519 0.821253338978 0.806861541449 0.0899686002781 0.0826668728186 0.0970586703483 -0.357700104592 0.0664141898387 0.0217704451488
0.858134156446 0.66888153553 0.823511114608 0.823504573261 0.189252620916 0.0346230418377 0.0346295831847 0.0879422031576 0.0445610169503 0.0214407060774
0.112914564621 0.594117432833 0.679255473443 0.655788908074 -0.481202868212 -0.566340908822 -0.542874343453 0.0563092688099 0.00654208949266 0.0147114503977
0.69338830641 0.637972161174 0.718887806618 0.694482081419 0.0554161452362 -0.0254995002085 -0.0010937750086 -0.0392756725196 0.0094098814952 0.0146246238431
0.860836674233 0.888693571091 0.662482636205 0.748821243565 -0.0278568968577 0.198354038028 0.112015430668 0.116698569618 0.00937071586477 0.00968270704092
0.749117910243 0.803145393729 0.795755101963 0.794753397969 -0.0540274834862 -0.0466371917201 -0.0456354877256 -0.111742763082 0.00653920970606 0.0141892862732
0.834678253855 0.719054684043 0.782115279268 0.746529372202 0.115623569812 0.0525629745871 0.088148881653 -0.0797547469847 0.00540181274608 0.0101448144051
0.915262743736 0.935045346618 0.807642884758 0.834800226774 -0.0197826028817 0.107619858978 0.0804625169625 -0.109134979546 0.00285421807987 0.00961514139601
0.773056982976 0.853365331888 0.825857558975 0.832649604135 -0.0803083489122 -0.0528005759992 -0.0595926211591 -0.023362893844 0.00128061404272 0.00767306841905
0.85834926324 0.805352017283 0.82232512304 0.80045159051 0.0529972459566 0.0360241401998 0.0578976727301 0.205719880527 0.00197172632424 0.00609524125035
0.895933909339 0.765023306012 0.837306706836 0.826574706299 0.130910603327 0.0586272025034 0.0693592030401 0.347407795838 0.00340775605963 0.00970549627001
0.665135868177 0.520325005054 0.519325694107 0.506533002879 0.144810863123 0.14581017407 0.158602865298 -0.313482366502 0.00201402118087 0.0140898272901
0.588163593259 0.664287403226 0.747986857109 0.737379908924 -0.0761238099669 -0.15982326385 -0.149216315665 -0.0809528783429 0.0158708355061 0.0164532698391
0.785981019122 0.736174210906 0.672040962835 0.680612199368 0.049806808216 0.113940056287 0.105368819754 0.0635799120646 0.0040972339234 0.0179829093483
0.871067758332 0.811525374651 0.805376248315 0.801206086254 0.059542383681 0.0656915100167 0.0698616720776 -0.0577337383293 0.0021542260741 0.0159920364328
0.81541747215 0.755129694939 0.721001954497 0.787979679887 0.0602877772113 0.0944155176529 0.0274377922629 -0.0998774967156 0.00373600148213 0.0168187241967
0.866839624196 0.907767340541 0.833839693765 0.83362241105 -0.0409277163449 0.0329999304308 0.0332172131459 -0.00149932480417 0.0140766257185 0.0191552871023
0.795879487966 0.922914400697 0.812109753845 0.807207702212 -0.127034912731 -0.0162302658788 -0.0113282142457 0.211893034168 0.00510824481099 0.0131450933784
0.637088514722 0.623359665275 0.649197832418 0.669757053717 0.0137288494474 -0.0121093176956 -0.032668538995 0.00274716736749 0.027866549163 0.0179168231843
0.869419902589 1.04407548904 0.841504360087 0.837026384415 -0.174655586455 0.0279155425021 0.0323935181744 -0.0690838193987 0.00526134064205 0.0152324461932
0.866488403225 0.784611970186 0.793829566339 0.782376077762 0.0818764330388 0.0726588368858 0.0841123254631 -0.0304853236303 0.00253643992829 0.0133065918176
0.201521645996 0.346022799611 0.504814964048 0.474448542478 -0.144501153615 -0.303293318052 -0.272926896482 -0.5135681713 0.0026085399536 0.0103586714507
0.870523409437 0.986574083567 0.786952417167 0.820551016064 -0.11605067413 0.0835709922697 0.0499723933735 0.461328118108 0.00206095838228 0.0065265367418
0.817513651735 0.738271340728 0.78231242023 0.74124416884 0.0792423110072 0.0352012315051 0.0762694828952 0.116041739238 0.00186012676724 0.00831789250831
0.691047718586 0.852396726608 0.848516823902 0.827088461539 -0.161349008022 -0.157469105316 -0.136040742953 -0.0649618959287 0.00324066092302 0.012326875094
0.73396607757 0.686684414744 0.821409033733 0.82882236835 0.0472816628256 -0.0874429561629 -0.0948562907797 0.096705225762 0.0139506229133 0.00921313503423
0.359160011376 0.376158386469 0.440589630429 0.510741937026 -0.0169983750929 -0.0814296190526 -0.15158192565 -0.0250315703452 0.00850916401742 0.00972513474983
0.898082027367 0.836890086532 0.824737060349 0.832550901247 0.0611919408354 0.0733449670175 0.0655311261199 0.066342998296 0.00599841468128 0.00739412482967
0.802298426107 0.763533338904 0.771066599225 0.748235786406 0.0387650872026 0.0312318268824 0.054062639701 -0.0660426337272 0.00559633656111 0.0115108479104
0.74680163994 0.824940145016 0.81269850779 0.801549754804 -0.0781385050757 -0.0658968678496 -0.0547481148641 -0.057735292241 0.00515469783604 0.0117550359162
0.769194380556 0.46872164309 0.782509824823 0.82517367667 0.300472737466 -0.0133154442672 -0.0559792961139 0.1925848471 0.027345640014 0.0068029838751
0.930052704522 0.823358729482 0.744180758868 0.759422873531 0.10669397504 0.185871945654 0.170629830991 -0.111637827475 0.00990466039357 0.0114952573346
0.842716976223 0.794373065233 0.804469150681 0.796976407219 0.0483439109898 0.0382478255416 0.0457405690044 -0.0508044860326 0.00332784496067 0.00838420976039
0.58840659223 0.554933950305 0.659716330363 0.652492362231 0.033472641925 -0.071309738133 -0.0640857700015 0.012059292756 0.00527331728042 0.00832963288265
0.822911990802 0.453104108572 0.492583466508 0.481832218047 0.36980788223 0.330328524294 0.341079772755 -0.16751029389 0.0101804641149 0.00993248925916
0.900893014141 0.719719678164 0.809216999479 0.810746963075 0.181173335977 0.0916760146621 0.0901460510659 0.0758366771042 0.0105128599929 0.0131059384777
