RMSE(LR) = 0.128499705688
Explained Variance(LR) = 0.00901998790107
Kendall Tau, P_value = 0.517067003793 4.70564107455e-16

Resid Measured_s2  Predicted_s2   s2_diff        Regression Coefficients
1.0 0.797367906216 0.70844417163 0.0889237345858 0.0374754308579
2.0 0.860580382116 0.781268882463 0.0793114996535 -0.020141192861
3.0 0.85834926324 0.821957480285 0.0363917829552 -0.000445095703565
4.0 0.853475290909 0.774248106408 0.0792271845009 -0.00275422902415
5.0 0.84357737211 0.777785104738 0.0657922673721 -0.00813555369047
6.0 0.85192871712 0.888089020432 -0.0361603033116 -0.0209555639641
7.0 0.856036850328 0.762365680427 0.0936711699008 0.0149562043854
8.0 0.826133435015 0.761205327233 0.0649281077815 0.0125091394594
9.0 0.761739309437 0.683259190144 0.0784801192935 -0.0294239535031
10.0 0.665135868177 0.484142288681 0.180993579496 0.00836404124051
11.0 0.453229570858 0.632874046169 -0.179644475311 0.00855077280318
12.0 0.201521645996 0.364858267009 -0.163336621013 0.0578598102232
13.0 0.809433987834 0.791546326234 0.0178876615996 4.13863947689e-05
14.0 0.853889974207 0.751280942914 0.102609031293 -2.90789791465e-05
15.0 0.865520170334 0.839894979909 0.025625190425 0.000456774084621
16.0 0.850794106766 0.639079523104 0.211714583662 0.00346292473693
17.0 0.829504396303 0.830908446393 -0.00140405009046 -3.08353514236e-05
18.0 0.817513651735 0.57234949894 0.245164152795 3.14342164548e-05
19.0 0.802298426107 0.722080506747 0.0802179193596 -0.000134938662214
20.0 0.757504276967 0.443303247712 0.314201029255 -0.00869417338929
21.0 0.758665738462 0.604386318002 0.15427942046 -0.00977644990605
22.0 0.773312621189 0.521796908927 0.251515712262 -0.015510902387
23.0 0.866488403225 0.768442799775 0.0980456034504 -0.0178605385986
24.0 0.874876185351 0.793242202943 0.0816339824077 -0.0174790742657
25.0 0.862149149714 0.837602647808 0.0245465019062 0.0229967482413
26.0 0.858208068062 0.795546181541 0.0626618865215 0.022314856551
27.0 0.866965686516 0.914775187352 -0.0478095008361 -6.3404143047e-16
28.0 0.610199028269 0.850166744241 -0.239967715972 0.0750304995941
29.0 0.870025692183 0.700492729803 0.16953296238 0.00534233595403
30.0 0.874797518299 0.863744810853 0.0110527074461 0.00717803829503
31.0 0.864267087396 0.897759452871 -0.0334923654752 -0.0239723145635
32.0 0.841471668278 0.90172255628 -0.060250888002 -0.00362747243168
33.0 0.842565632659 0.893529174555 -0.050963541896 -0.0126663950594
34.0 0.818741020547 0.733195119644 0.0855459009034 0.0296626971338
35.0 0.782915125881 0.668172479843 0.114742646038 -0.020984082686
25.0 0.835262157743 0.944909513135 -0.109647355392 0.0113640338937
29.0 0.849284670213 0.656088957061 0.193195713152 -0.0938166715263
30.0 0.859660505959 0.828999442257 0.0306610637018 -0.0146344081636
31.0 0.860814379415 0.79332271936 0.0674916600547 0.00782546302637
32.0 0.847453251849 0.862434780099 -0.0149815282505 0.15828972924
3.0 0.831138948291 0.772707865126 0.0584310831651 -0.0845465273502
4.0 0.815544812019 0.671210181789 0.14433463023 0.0853274882132
5.0 0.799283071469 0.754744230457 0.0445388410116 -0.138400480179
6.0 0.811626239916 0.798510142492 0.0131160974241 0.0936885356028
7.0 0.81472899248 0.729437008869 0.0852919836114 -0.0356759953516
9.0 0.698090605191 0.60399058335 0.0941000218406 -0.101357891112
10.0 0.57109343066 0.28158207025 0.28951136041 -0.00539784028204
11.0 0.470150178151 0.626067342225 -0.155917164074 0.136093025998
12.0 0.362028396382 0.269007606936 0.0930207894456 -0.0389148636706
13.0 0.818951136094 0.690958333661 0.127992802433 -0.0701566790016
14.0 0.826512552458 0.613956942505 0.212555609953 0.131276284035
16.0 0.82805558862 0.694352691363 0.133702897257 -0.00854183812915
18.0 0.806618291692 0.603412032727 0.203206258965 -0.0570184879774
19.0 0.791630762989 0.624821989 0.166808773989 0.0684132698873
20.0 0.57520474948 0.446751566407 0.128453183073 -0.0742254417271
21.0 0.710715821944 0.555317190122 0.155398631822 0.0190340833097
24.0 0.82653742244 0.672253129222 0.154284293218 -0.0221880332865
26.0 0.83335132482 0.781845111388 0.0515062134324 0.0078420558781
34.0 0.827892511079 0.709193877365 0.118698633714 0.0163226841329
35.0 0.806840390225 0.699247906284 0.107592483941 0.0845992423486
3.0 0.814897676407 0.705684143869 0.109213532538 -0.140716798193
4.0 0.806696144196 0.764743999829 0.0419521443671 0.0927224982641
5.0 0.807980407878 0.741284875442 0.0666955324356 -0.0780268607013
6.0 0.814215193123 0.737428693218 0.0767864999053 0.0624871125812
7.0 0.812090614628 0.720934190199 0.0911564244294 -0.114778413414
9.0 0.720134378141 0.596377993024 0.123756385117 0.0232153370341
10.0 0.572074815485 0.365097342803 0.206977472682 -0.0796860276016
11.0 0.493056803336 0.585639047736 -0.0925822443997 0.182678732424
12.0 0.200326011493 0.290007285594 -0.0896812741013 0.0870734127467
13.0 0.843458938273 0.765368499327 0.0780904389456 -0.160865925388
14.0 0.856641434625 0.710013293855 0.14662814077 0.0351335832649
16.0 0.811134529589 0.747985771062 0.0631487585272 0.20690921868
18.0 0.844944905513 0.533580915476 0.311363990037 -0.331289504101
19.0 0.761653846319 0.567978176996 0.193675669323 0.334187791799
20.0 0.49244675259 0.33856911527 0.15387763732 -0.27872800474
21.0 0.753542918394 0.67478099766 0.0787619207341 0.0570071567542
24.0 0.846242838066 0.662479725163 0.183763112903 -0.0463721987445

_____________________________________________________________________

RMSE(RF) = 0.116213598409
Explained Variance(RF) = 0.189459860996
Kendall Tau, P_value(RF) = 0.477876106195 6.21366558791e-14

Resid Measured_s2   Predicted_s2   s2_diff        Feature Importances 
1.0 0.797367906216 0.623736933924 0.173630972292 0.00200533958491
2.0 0.860580382116 0.824347835204 0.0362325469121 3.68217675447e-05
3.0 0.85834926324 0.816364477568 0.0419847856718 0.000106548616561
4.0 0.853475290909 0.794304101676 0.0591711892327 0.000187366442347
5.0 0.84357737211 0.81488244861 0.0286949234997 0.000357117655291
6.0 0.85192871712 0.83710459899 0.0148241181302 3.41759057778e-05
7.0 0.856036850328 0.693710675351 0.162326174977 3.91864091131e-05
8.0 0.826133435015 0.724320443499 0.101812991516 0.00214177738852
9.0 0.761739309437 0.594600407967 0.16713890147 0.00387141378327
10.0 0.665135868177 0.40131864187 0.263817226307 0.00254000752816
11.0 0.453229570858 0.69393000373 -0.240700432872 0.00164862241019
12.0 0.201521645996 0.375022444628 -0.173500798632 0.194858031224
13.0 0.809433987834 0.784251080508 0.0251829073257 0.0435606133425
14.0 0.853889974207 0.818916363353 0.0349736108536 0.0179631100294
15.0 0.865520170334 0.790126173885 0.0753939964494 0.0222514230925
16.0 0.850794106766 0.673250746728 0.177543360038 0.0533690391369
17.0 0.829504396303 0.740357202721 0.0891471935818 0.0379249940683
18.0 0.817513651735 0.667384664717 0.150128987018 0.0575247897742
19.0 0.802298426107 0.75464452904 0.0476538970672 0.0495875164615
20.0 0.757504276967 0.515370246969 0.242134029998 0.00845157480983
21.0 0.758665738462 0.576835405487 0.181830332975 0.00896129270961
22.0 0.773312621189 0.610424965699 0.16288765549 0.0242883928582
23.0 0.866488403225 0.799113807584 0.0673745956405 0.053626687035
24.0 0.874876185351 0.737019701445 0.137856483906 0.014461373582
25.0 0.862149149714 0.78099972709 0.0811494226237 0.105461038076
26.0 0.858208068062 0.781102463611 0.077105604451 0.00822827991563
27.0 0.866965686516 0.769693334917 0.0972723515991 0.0
28.0 0.610199028269 0.645919462242 -0.0357204339732 0.00508349388105
29.0 0.870025692183 0.779290127538 0.0907355646451 0.00322251839693
30.0 0.874797518299 0.842312659369 0.0324848589296 0.00268721095114
31.0 0.864267087396 0.818273864646 0.0459932227501 0.00228612430791
32.0 0.841471668278 0.779590799869 0.0618808684089 0.00223783579128
33.0 0.842565632659 0.762569958872 0.0799956737874 0.00253993673866
34.0 0.818741020547 0.762844503145 0.0558965174019 0.00212821032694
35.0 0.782915125881 0.656751576087 0.126163549794 0.00152612390716
25.0 0.835262157743 0.755237545314 0.0800246124294 0.00149909023686
29.0 0.849284670213 0.796628439567 0.052656230646 0.0021600348672
30.0 0.859660505959 0.827311196643 0.0323493093156 0.00198277648346
31.0 0.860814379415 0.801078306833 0.059736072582 0.00203748229428
32.0 0.847453251849 0.749706080764 0.0977471710849 0.00224196521625
3.0 0.831138948291 0.799242102479 0.0318968458118 0.0017709223346
4.0 0.815544812019 0.78343740246 0.0321074095586 0.00149450602747
5.0 0.799283071469 0.792003437008 0.00727963446071 0.0159443468433
6.0 0.811626239916 0.83125882243 -0.0196325825144 0.00469604449671
7.0 0.81472899248 0.697944793763 0.116784198717 0.00660066683495
9.0 0.698090605191 0.583083227126 0.115007378065 0.00945825735414
10.0 0.57109343066 0.353276721742 0.217816708918 0.00205287432137
11.0 0.470150178151 0.697097166979 -0.226946988828 0.00202170574082
12.0 0.362028396382 0.353361571831 0.00866682455078 0.0025170542336
13.0 0.818951136094 0.759828614558 0.0591225215356 0.00196339907428
14.0 0.826512552458 0.802433888995 0.024078663463 0.00136269420152
16.0 0.82805558862 0.660320604606 0.167734984014 0.00606181280913
18.0 0.806618291692 0.676260523034 0.130357768658 0.0405100944359
19.0 0.791630762989 0.739552138194 0.0520786247949 0.038632096169
20.0 0.57520474948 0.47686081294 0.0983439365398 0.0149924392047
21.0 0.710715821944 0.557464816538 0.153251005406 0.0087683574107
24.0 0.82653742244 0.727293428588 0.0992439938517 0.00404385425225
26.0 0.83335132482 0.760125922355 0.0732254024653 0.00485578185788
34.0 0.827892511079 0.74727807582 0.0806144352595 0.00682843712964
35.0 0.806840390225 0.66620620835 0.140634181875 0.0119301046519
3.0 0.814897676407 0.803481948938 0.0114157274691 0.0111630814177
4.0 0.806696144196 0.786732576976 0.0199635672204 0.00297808284685
5.0 0.807980407878 0.801916873622 0.00606353425629 0.00328467872846
6.0 0.814215193123 0.831774656515 -0.0175594633922 0.00222649847822
7.0 0.812090614628 0.696977681502 0.115112933126 0.00350121706569
9.0 0.720134378141 0.579538048977 0.140596329164 0.00334706198448
10.0 0.572074815485 0.362413148237 0.209661667248 0.00104342253012
11.0 0.493056803336 0.696848407805 -0.203791604469 0.00176520036576
12.0 0.200326011493 0.357604614915 -0.157278603422 0.0012237109358
13.0 0.843458938273 0.774077310091 0.0693816281825 0.00134113857352
14.0 0.856641434625 0.809536381796 0.0471050528295 0.000966428775321
16.0 0.811134529589 0.665303429114 0.145831100475 0.00217348651153
18.0 0.844944905513 0.676751642091 0.168193263422 0.00549682177325
19.0 0.761653846319 0.748010624654 0.0136432216651 0.00256792825405
20.0 0.49244675259 0.479536222288 0.0129105303019 0.00309862865247
21.0 0.753542918394 0.587925954125 0.165616964269 0.00410286792549
24.0 0.846242838066 0.725928699186 0.12031413888 0.0180949587908
