# resid_index #
x = [3, 4, 5, 6, 7, 9, 10, 11, 12, 13, 14, 16, 18, 19, 20, 21, 24, 26, 34, 35]

# s2_predicted_LR #
y1 = [0.8142049022757292, 0.7252434204431359, 0.6642270484841075, 0.7558973159830253, 0.7218574924606445, 0.5525581063506813, 0.31259145396146143, 0.5824018701188407, 0.32028535372253925, 0.7707411692664368, 0.7543917144488856, 0.6573314359242965, 0.6646895439266782, 0.6976883856474394, 0.40525629765170096, 0.6765352051348363, 0.7155214781022872, 0.7609378224070558, 0.7572736962981208, 0.7748401383155892]

#s2_predicted_RF #
y2 = [0.7417898105760429, 0.7398151628149972, 0.8090609959093394, 0.838741969074391, 0.7315496356123246, 0.564790320592235, 0.4114758171647714, 0.7387902903079423, 0.379205034542546, 0.8234209747244535, 0.8474643919649074, 0.7336059774359793, 0.7056609793030726, 0.7795909746720893, 0.6180133064274512, 0.5144036759313108, 0.7657817639781446, 0.7996405447548669, 0.707631959245808, 0.6619246381557343]

# s2_measured #
y3 = [0.814897676407, 0.806696144196, 0.807980407878, 0.814215193123, 0.812090614628, 0.720134378141, 0.572074815485, 0.493056803336, 0.200326011493, 0.843458938273, 0.856641434625, 0.811134529589, 0.844944905513, 0.761653846319, 0.49244675259, 0.753542918394, 0.846242838066, 0.847078897902, 0.82179146662, 0.824002668095]

# s2_diff(measured - predicted_LR) #
y1 = [0.0006927741312707791, 0.08145272375286405, 0.14375335939389244, 0.058317877139974605, 0.09023312216735557, 0.16757627179031875, 0.2594833615235386, -0.08934506678284071, -0.11995934222953925, 0.07271776900656324, 0.10224972017611433, 0.15380309366470346, 0.18025536158632183, 0.06396546067156061, 0.08719045493829902, 0.07700771325916367, 0.1307213599637128, 0.08614107549494421, 0.06451777032187922, 0.049162529779410824]

# s2_diff(measured - predicted_RF) #
y2 = [0.07310786583095708, 0.06688098138100285, -0.00108058803133948, -0.024526775951391078, 0.08054097901567547, 0.155344057548765, 0.16059899832022867, -0.2457334869719423, -0.178879023049546, 0.020037963548546478, 0.00917704266009256, 0.07752855215302068, 0.13928392620992747, -0.01793712835308925, -0.12556655383745124, 0.23913924246268925, 0.08046107408785541, 0.04743835314713307, 0.114159507374192, 0.16207802993926568]
