0.314652126441
0.145213095575
0.131449094589
-3.62651558847
0.0146188393849
0.192564414611
0.0174009626064 0.826387858574
0.324694557571 4.2632863809e-05
0.346168085894 1.28057553727e-05
0.645798927894 0.795004248619 0.686227754839 0.688669440574 -0.149205320725 -0.0404288269453 -0.0428705126802 -8090643898.49 0.0 0.0
0.57520474948 0.295469522476 0.473005983278 0.4528237584 0.279735227004 0.102198766202 0.12238099108 -16872701341.8 0.0 0.0
0.847740256471 0.80367231369 0.791117439113 0.776370317815 0.0440679427808 0.0566228173585 0.0713699386561 850968672.996 0.0 0.0
0.815544812019 0.570539355278 0.755511864526 0.761784233243 0.245005456741 0.0600329474932 0.053760578776 -838272653.997 0.0 0.0
0.8421036765 1.14080798626 0.738394414973 0.717367984693 -0.298704309759 0.103709261527 0.124735691807 -2309125528.55 0.0 0.0
0.265932276814 1.07120370865 0.408845961249 0.430575843442 -0.805271431835 -0.142913684435 -0.164643566628 2218511991.39 0.0 0.0
0.881420059976 0.792552709579 0.700313330994 0.73037944898 0.0888673503965 0.181106728982 0.151040610996 976284945.429 0.0 0.0
0.853354554565 0.559313893318 0.697390564719 0.675376870411 0.294040661247 0.155963989846 0.177977684154 81110833.7668 0.0 0.0
0.867468809699 0.821795940399 0.674553083507 0.697647776073 0.0456728692998 0.192915726192 0.169821033626 -17407229.9225 0.000589262834167 0.00573848094353
0.820716463011 1.18935763836 0.784162673147 0.780060946228 -0.368641175348 0.0365537898638 0.0406555167826 14166038.973 0.0 0.0
0.846215981961 0.642030239105 0.782694414461 0.77455466575 0.204185742856 0.0635215675004 0.0716613162113 -17407229.9038 0.000625566739647 0.00548857828243
0.646800795796 0.797699809074 0.574781121084 0.587079002796 -0.150899013278 0.0720196747117 0.0597217930003 0.0249109364377 0.0248143603547 0.0721357877029
0.791630762989 0.942983627319 0.695837720986 0.666105532593 -0.15135286433 0.0957930420026 0.125525230396 -0.000112056732178 0.0279394358443 0.00905155722027
0.553599915217 1.21081423759 0.763248982332 0.76168649385 -0.657214322378 -0.209649067115 -0.208086578633 4.41074371338e-05 0.0139212226431 0.0124596686164
0.840141471449 1.01666414738 0.79084813101 0.784566111703 -0.176522675928 0.0492933404389 0.0555753597457 -0.00213865190744 0.00958802345708 0.00310548849018
0.823287144646 0.793327927589 0.695059901102 0.697475089178 0.0299592170566 0.128227243544 0.125812055468 -0.000734644010663 0.0107643430349 0.00567606005852
0.700623715781 0.679105639458 0.539679502894 0.522726741528 0.0215180763233 0.160944212887 0.177896974253 -0.000476837158203 0.0362577025372 0.00331365239672
0.409278762256 0.363495469093 0.580688028185 0.535484617461 0.0457832931627 -0.171409265929 -0.126205855205 0.000484466552734 0.0371879951102 0.00339465902294
0.819015122699 0.913684487343 0.67831203423 0.646519945877 -0.0946693646438 0.140703088469 0.172495176822 -0.00135040283203 0.0376684429803 0.0116938847891
0.829937249667 0.602137923241 0.711203966236 0.678827853631 0.227799326426 0.118733283431 0.151109396036 -0.0199055373669 0.00660069236624 0.00700514685541
0.746146035101 0.97414457798 0.694683530326 0.709436650937 -0.227998542879 0.0514625047753 0.0367093841643 0.0380675792694 0.00494886810032 0.00558643023912
0.82766756446 -0.0618345737457 0.51003453278 0.569133800953 0.889502138206 0.31763303168 0.258533763507 0.0579465925694 0.00451872151188 0.00452967568252
0.859858448581 0.94758605957 0.79496789839 0.766800506486 -0.0877276109893 0.0648905501913 0.0930579420947 0.0173093676567 0.00693614986662 0.0101808846452
0.823695663901 0.744437932968 0.726801947404 0.735460468597 0.0792577309329 0.0968937164965 0.0882351953036 -0.0335225462914 0.00810088904455 0.0062560587577
0.710178235592 0.824066519737 0.755055065742 0.74580294825 -0.113888284145 -0.0448768301497 -0.0356247126575 0.0600386038423 0.0661126126971 0.108745768772
0.561991872609 1.02841925621 0.688351747061 0.665611802292 -0.466427383601 -0.126359874452 -0.103619929683 -0.0394284427166 0.00427669210044 0.0137670461489
0.823042016461 1.00837087631 0.705077077671 0.731123946931 -0.185328859851 0.11796493879 0.0919180695303 -201091.982669 0.0 0.0
0.876404433389 0.493986487389 0.651920124434 0.67362980542 0.382417946 0.224484308955 0.202774627969 -0.320426516235 0.00578225752901 0.00331219511178
0.852640948981 0.613822221756 0.672469627436 0.709466471129 0.238818727225 0.180171321545 0.143174477852 0.840226836503 0.00840805639067 0.00926980094108
0.594816630676 0.800892591476 0.607219208826 0.582569845021 -0.2060759608 -0.0124025781501 0.0122467856551 -0.288769517094 0.00906871294583 0.00487360835839
0.830462177823 0.671729445457 0.735512577343 0.756539113172 0.158732732366 0.0949496004801 0.0739230646514 -0.633881025016 0.00584926956767 0.00447441807073
0.398215877181 0.880437850952 0.685815330438 0.664137823518 -0.482221973771 -0.287599453257 -0.265921946337 0.326305292547 0.00463008086193 0.00419947376106
0.644599029897 0.654478430748 0.70734538854 0.704536786618 -0.00987940085099 -0.0627463586429 -0.0599377567209 -0.250368312001 0.00439561749433 0.00361089613002
0.698090605191 0.191650629044 0.639185213578 0.600968516901 0.506439976147 0.0589053916131 0.0971220882899 0.191391214728 0.00690576199047 0.00436294126182
0.754378576404 0.828680157661 0.783531321348 0.765924831093 -0.0743015812574 -0.0291527449435 -0.0115462546887 -0.248038828373 0.0029807740088 0.00442577306124
0.833968733357 0.609015822411 0.762035345579 0.756382156655 0.224952910946 0.0719333877776 0.0775865767025 0.147824821062 0.00289538905284 0.00348236448859
0.826870661058 0.23466694355 0.623775419225 0.675643643032 0.592203717508 0.203095241833 0.151227018026 -0.002973777242 0.00696505913929 0.00297068969348
0.799283071469 0.994363665581 0.751804183397 0.73880978172 -0.195080594112 0.0474788880716 0.0604732897489 -0.0497912080027 0.00556501797087 0.00577340805834
0.758725805802 0.622609853745 0.474902403496 0.490253897093 0.136115952057 0.283823402306 0.268471908709 0.203505124431 0.00479462553564 0.00385689616474
0.813339128297 0.814285039902 0.634832909757 0.664436964541 -0.000945911604733 0.17850621854 0.148902163756 0.541613984853 0.00677298918551 0.00495721735945
0.867816327205 0.578961253166 0.704706785335 0.735359498995 0.288855074039 0.16310954187 0.13245682821 -0.252487767488 0.00208825430154 0.00330011201221
0.747855380322 0.854600429535 0.668566063716 0.69667700307 -0.106745049213 0.0792893166057 0.0511783772517 -0.562657881528 0.00212276044759 0.00240667455295
0.770607165184 0.603294014931 0.760826927658 0.76289108446 0.167313150253 0.00978023752551 0.00771608072423 -0.520291954279 0.0030158148046 0.00573157110156
0.842936651469 0.786436915398 0.808614555129 0.787556311553 0.0564997360714 0.0343220963401 0.055380339916 0.665907993913 0.00410277524891 0.00591826119525
0.695753200202 0.677139163017 0.464288051996 0.478028884343 0.0186140371847 0.231465148206 0.217724315859 0.217812292278 0.00220259278161 0.00713814091812
0.691845641092 0.793116807938 0.804453497667 0.777598756289 -0.101271166846 -0.112607856575 -0.0857531151973 -0.0616550371051 0.00381123361846 0.00741160141522
0.82839849738 0.598782896996 0.766700092323 0.786500472404 0.229615600384 0.0616984050565 0.041898024976 0.108797386289 0.00182820034715 0.00981200415465
0.809404489421 1.06931376457 0.770050714642 0.743587202012 -0.259909275151 0.0393537747795 0.0658172874095 -0.311714984477 0.00345003598815 0.00852575176046
0.817949975523 0.461833357811 0.70954302699 0.758663034419 0.356116617712 0.108406948533 0.0592869411043 0.0469135940075 0.00456930711124 0.0081985203395
0.834509827609 0.203937530518 0.508224046026 0.58846779993 0.630572297091 0.326285781583 0.246042027679 -0.34558095783 0.00460996686639 0.0081219728569
0.234674946597 0.25428545475 0.397458837692 0.406539844078 -0.0196105081531 -0.162783891095 -0.171864897481 1.08117452264 0.0357832097981 0.0130693149567
0.833470942732 0.398626565933 0.705531147347 0.697854107317 0.434844376799 0.127939795385 0.135616835415 -1.32342226058 0.00566206559089 0.0141269307886
0.638714250971 0.378165841103 0.46665095608 0.511930442556 0.260548409868 0.172063294891 0.126783808415 0.580492850393 0.00654119011319 0.0188737281037
0.857710405948 0.650772929192 0.786667137446 0.759834627307 0.206937476756 0.0710432685022 0.0978757786408 0.522232718766 0.0102444374272 0.018246379413
0.627982545971 0.395986437798 0.698829390924 0.712792094152 0.231996108173 -0.0708468449533 -0.0848095481805 0.628504671156 0.00913536218715 0.0117061229131
0.781079119292 0.40850520134 0.549124461632 0.645678924809 0.372573917952 0.23195465766 0.135400194483 -0.393646173179 0.00857142492315 0.0192748526391
0.401359686024 0.593960285187 0.657489282093 0.621997942858 -0.192600599163 -0.256129596069 -0.220638256834 -1.21418527886 0.0022084844024 0.011891532936
0.852249881466 0.606356024742 0.774491665393 0.782519850514 0.245893856724 0.0777582160732 0.069730030952 1.16596783325 0.00149569281748 0.00939880603053
0.800778977734 0.719853281975 0.692893271275 0.708761705865 0.0809256957592 0.107885706459 0.092017271869 0.414084360003 0.00605679015559 0.0137402890862
0.347892448715 0.477197408676 0.426133876598 0.429477658803 -0.129304959961 -0.0782414278831 -0.0815852100877 -0.363704204559 0.0134069712727 0.0140070863165
0.64322066123 0.781683564186 0.631402055529 0.641688177627 -0.138462902956 0.0118186057011 0.00153248360337 -0.393011592329 0.00450775704951 0.0111562419695
0.800028232895 0.332201361656 0.65823159809 0.65399851795 0.467826871239 0.141796634805 0.146029714945 -0.691379535943 0.00188082793291 0.00782544956289
0.693661442311 0.488125920296 0.793938803367 0.773348076074 0.205535522015 -0.100277361056 -0.0796866337626 -0.336486693472 0.00267791264085 0.0105025564624
0.785829937107 0.759616732597 0.701084375996 0.668727490598 0.0262132045096 0.0847455611114 0.117102446509 0.645015520044 0.0033258110661 0.0160804253998
0.680292425742 0.943317651749 0.724461943192 0.706194082438 -0.263025226007 -0.0441695174497 -0.0259016566962 -0.00423617847264 0.00482450342978 0.0168859237931
0.652556727259 0.707713484764 0.426544440751 0.491515699043 -0.0551567575051 0.226012286508 0.161041028216 0.455965574365 0.00896327579696 0.0241943103807
0.82805558862 0.316591143608 0.763778029478 0.758762843088 0.511464445012 0.0642775591424 0.0692927455321 -0.314120323397 0.0085190309512 0.0206823165368
0.731565236256 0.711247205734 0.763691568031 0.768151215486 0.0203180305217 -0.0321263317748 -0.0365859792304 0.223583897576 0.0029768319286 0.0147367814596
0.491971003012 0.702395439148 0.694951604004 0.712784176739 -0.210424436136 -0.202980600992 -0.220813173727 0.479491649196 0.00672340027012 0.0226578235741
0.852386938167 1.15714359283 0.773432746469 0.765055744781 -0.304756654667 0.0789541916978 0.0873311933856 -1.156143317 0.00209387988696 0.0183254479963
0.710715821944 0.269665598869 0.461003945394 0.523917017561 0.441050223075 0.24971187655 0.186798804383 0.785541002639 0.00270804883736 0.0161279869651
0.743682702951 -0.163687348366 0.463152729146 0.494770306885 0.907370051317 0.280529973805 0.248912396066 0.179476508871 0.00476779166399 0.022409096046
0.798991526091 0.606106758118 0.720047804078 0.746837011201 0.192884767973 0.0789437220128 0.0521545148896 -0.635366469622 0.0850928762055 0.041232249699
0.756792120176 0.580004453659 0.651868439389 0.65526498853 0.176787666517 0.104923680787 0.101527131646 0.181935275905 0.133509252964 0.0468908997882
