2.25223408042
0.135183560799
0.127615803306
-159.848403263
0.420521315043
0.483585272281
0.167816091954 0.192781312833
0.402298850575 0.00179516934997
0.44367816092 0.000574621316657
0.837028010192 0.729963778526 0.785666240447 0.801511406281 0.107064231666 0.0513617697454 0.0355166039112 -7.64198817074e-13 0.0 0.0
0.459574067645 -0.567034411404 0.422980839543 0.492436315951 1.02660847905 0.0365932281019 -0.0328622483061 -2.93564001233e-13 0.0 0.0
0.867486823293 1.21778225633 0.815194510096 0.806111813655 -0.350295433039 0.0522923131966 0.0613750096385 3.20499920006e-14 0.0 0.0
0.822183373458 0.945631824556 0.81159662595 0.81233917889 -0.123448451098 0.0105867475081 0.0098441945683 7.95526838848e-14 0.0 0.0
0.644880388056 0.554234777747 0.771855403582 0.768091523715 0.0906456103086 -0.126975015526 -0.123211135659 -6.68380281676e-14 0.0 0.0
0.314578087845 0.551179141233 0.61229110952 0.594607748497 -0.236601053388 -0.297713021675 -0.280029660652 -2.49992734846e-13 0.0 0.0
0.868161774727 0.811248755462 0.821135806549 0.812424601988 0.0569130192653 0.047025968178 0.0557371727386 -3.3653635434e-15 0.0 0.0
0.551313568752 0.298195259775 0.392136878848 0.411137783277 0.253118308977 0.159176689904 0.140175785475 9.12568631772e-14 0.0 0.0
0.470814850125 0.693538201568 0.522903386678 0.576800145872 -0.222723351443 -0.0520885365525 -0.105985295747 -4.61852778244e-14 0.0 0.0
0.376435150868 1.29278239813 0.440061820793 0.430679043317 -0.916347247262 -0.0636266699247 -0.0542438924488 1.61093360873e-13 0.0 0.0
0.81753926839 0.917382999152 0.820327960965 0.814533627023 -0.0998437307615 -0.00278869257452 0.00300564136677 1.33216354614e-13 0.0 0.0
0.812906185043 0.972235340635 0.793384780212 0.783247213294 -0.159329155592 0.0195214048308 0.0296589717487 0.0331521362252 0.017311656709 0.072928016262
0.641263283095 0.150410954605 0.415262123463 0.445248098241 0.49085232849 0.226001159632 0.196015184854 -0.00255172345736 0.0396327875966 0.00983771716389
0.808926412596 0.621791441168 0.807229977329 0.811831770073 0.187134971428 0.00169643526704 -0.00290535747654 6.19505105274e-05 0.00224900630978 0.0175872632637
0.761161311903 0.808209365478 0.822266724308 0.815705967068 -0.0470480535751 -0.0611054124051 -0.0545446551646 -0.00846694314061 0.000724966511673 0.00145970224477
0.863139925529 0.920424296641 0.75538411306 0.772050522625 -0.057284371112 0.107755812469 0.0910894029043 -0.00574208921153 0.0238147306331 0.00452518560388
0.6082319827 0.907860103295 0.822660676421 0.804349355212 -0.299628120595 -0.214428693721 -0.196117372512 -0.000857086823116 0.0348732084264 0.00904199669507
0.767050062899 0.620558778091 0.707886842079 0.63352343623 0.146491284808 0.05916322082 0.133526626669 0.00103454731106 0.00368565282548 0.00115241315892
0.84132918164 1.06712384031 0.761698063146 0.770917668755 -0.225794658666 0.0796311184944 0.0704115128853 0.00738487232408 0.0182847029709 0.00820748946683
0.780694820364 1.06732274095 0.742857953242 0.704065892202 -0.28662792059 0.0378368671219 0.0766289281619 -0.0031904320842 0.0036399288441 0.000183462250785
0.751261165354 0.632422275801 0.499527194281 0.588898033945 0.118838889553 0.251733971073 0.162363131409 0.0897685905574 0.000735102904052 0.000495773460655
0.839436763634 0.709859394413 0.826241779503 0.811441578228 0.129577369221 0.0131949841313 0.027995185406 0.062459620977 0.00202282844934 0.00249623977446
0.654653842653 0.626580767134 0.742725770412 0.806407348733 0.0280730755193 -0.0880719277587 -0.15175350608 -0.0368581245612 0.00326894850327 0.0033434320928
0.763768349502 0.658725188652 0.520212596888 0.509191805654 0.10504316085 0.243555752614 0.254576543848 -0.0828874631395 0.00229808891702 0.00249153440983
0.259651621786 -11.9131489252 0.430925779563 0.508912812639 12.172800547 -0.171274157777 -0.249261190853 0.0314576615677 0.115948174893 0.222069632023
0.883341843399 0.443912070476 0.796889206967 0.80793079159 0.439429772923 0.0864526364316 0.0754110518094 -0.0871141407934 0.00330221952269 0.0182938196801
0.875958665224 0.516011284429 0.677443328531 0.788128453749 0.359947380795 0.198515336693 0.0878302114746 5.15108788957e-14 0.0 0.0
0.672403100838 0.99670455603 0.770739820664 0.804628116322 -0.324301455192 -0.0983367198258 -0.132225015484 0.194947003035 0.00768224388285 0.010966099149
0.434650322458 1.27162625468 0.65600911774 0.556651902854 -0.836975932222 -0.221358795282 -0.122001580396 -0.674009647713 0.215640619137 0.0289393222395
0.69393557506 0.901936005499 0.806961633452 0.79997060296 -0.208000430439 -0.113026058392 -0.1060350279 0.116807728548 0.0408275845938 0.0295456253432
