0.108667753452
0.291300695638
0.477243994943 6.70233646912e-14
1.0 0.797367906216 0.704761509649 0.0926063965675 0.000243193459876
2.0 0.860580382116 0.838280539355 0.0222998427606 0.000130209832247
3.0 0.85834926324 0.825629760765 0.0327195024745 0.000198777188936
4.0 0.853475290909 0.780766667338 0.0727086235713 0.000148092618458
5.0 0.84357737211 0.807289085848 0.0362882862623 9.90920222994e-05
6.0 0.85192871712 0.839598550149 0.0123301669711 2.41345586657e-05
7.0 0.856036850328 0.81759043203 0.0384464182979 3.39860810102e-05
8.0 0.826133435015 0.70971832229 0.116415112725 0.00078657179886
9.0 0.761739309437 0.666659848 0.0950794614365 0.000964829121745
10.0 0.665135868177 0.468194170494 0.196941697683 0.00118940721318
11.0 0.453229570858 0.667597163217 -0.214367592359 0.00192857734131
12.0 0.201521645996 0.296952942993 -0.0954312969968 0.0028748202754
13.0 0.809433987834 0.812519926217 -0.00308593838302 0.0232691888911
14.0 0.853889974207 0.811555965557 0.0423340086503 0.0195799772196
15.0 0.865520170334 0.824621267258 0.0408989030764 0.0175979807202
16.0 0.850794106766 0.643809564991 0.206984541775 0.0201616504806
17.0 0.829504396303 0.831134732173 -0.00163033586999 0.0128080806978
18.0 0.817513651735 0.644298684984 0.173214966751 0.102023205375
19.0 0.802298426107 0.776108036166 0.0261903899405 0.0209733541088
20.0 0.757504276967 0.452120085324 0.305384191643 0.00916082486175
21.0 0.758665738462 0.657632449366 0.101033289096 0.00936721435009
22.0 0.773312621189 0.548929608893 0.224383012296 0.011118698385
23.0 0.866488403225 0.802563510513 0.0639248927125 0.0185858528015
24.0 0.874876185351 0.716398807424 0.158477377927 0.0172751253065
25.0 0.862149149714 0.808706125165 0.0534430245494 0.00938465186118
26.0 0.858208068062 0.827333344346 0.0308747237156 0.00759040777467
27.0 0.866965686516 0.818337938993 0.0486277475234 0.0
28.0 0.610199028269 0.786305919443 -0.176106891174 0.00383094149643
29.0 0.870025692183 0.783206566839 0.0868191253436 0.00335854440018
30.0 0.874797518299 0.835762711536 0.0390348067627 0.00242524609356
31.0 0.864267087396 0.822323338165 0.0419437492312 0.00214499532581
32.0 0.841471668278 0.826384148273 0.0150875200053 0.00157528832507
33.0 0.842565632659 0.819947769234 0.0226178634245 0.00207488104808
34.0 0.818741020547 0.760723066448 0.0580179540993 0.00227661505402
35.0 0.782915125881 0.755559472541 0.0273556533399 0.00159903319527
25.0 0.835262157743 0.819193323416 0.0160688343272 0.00186270017307
29.0 0.849284670213 0.781813522522 0.0674711476907 0.00228735499176
30.0 0.859660505959 0.824868227395 0.034792278564 0.0015099569984
31.0 0.860814379415 0.802077826102 0.0587365533128 0.00179100963568
32.0 0.847453251849 0.808922818276 0.038530433573 0.00208124229799
3.0 0.831138948291 0.806337533061 0.0248014152297 0.00267216846003
4.0 0.815544812019 0.738436944643 0.0771078673762 0.001366781611
5.0 0.799283071469 0.792094690818 0.00718838065062 0.00134781210727
6.0 0.811626239916 0.818988288001 -0.00736204808457 0.00134794774976
7.0 0.81472899248 0.818306036989 -0.00357704450913 0.00131820712205
9.0 0.698090605191 0.578972286665 0.119118318526 0.00126992501484
10.0 0.57109343066 0.332723004333 0.238370426327 0.00184493022007
11.0 0.470150178151 0.670938097596 -0.200787919445 0.00152014455788
12.0 0.362028396382 0.258384300833 0.103644095549 0.00145666472311
13.0 0.818951136094 0.801370527303 0.0175806087906 0.000898840353583
14.0 0.826512552458 0.668985889837 0.157526662621 0.00104342546089
16.0 0.82805558862 0.676487568096 0.151568020524 0.00102649506547
18.0 0.806618291692 0.646931466852 0.15968682484 0.00114934097273
19.0 0.791630762989 0.724123893785 0.0675068692043 0.00117841487062
20.0 0.57520474948 0.340250671282 0.234954078198 0.00107459379204
21.0 0.710715821944 0.667348466029 0.0433673559147 0.000864812123716
24.0 0.82653742244 0.66064723514 0.1658901873 0.00099994293826
26.0 0.83335132482 0.805213275296 0.0281380495239 0.00104160292703
34.0 0.827892511079 0.739660998114 0.0882315129653 0.000953292670945
35.0 0.806840390225 0.662888979176 0.143951411049 0.00115638245457
3.0 0.8148976