RMSE(LR) = 0.113934797121
Explained Variance(LR) = 0.220935534866
Kendall Tau, P_value(LR) = 0.577117572693 1.28356703768e-19

Resid  Measured_s2  Predicted_s2     s2_diff     Regression Coefficients
1.0 0.797367906216 0.63958560521 0.157782301006 0.0340115089792
2.0 0.860580382116 0.848922776092 0.0116576060235 -0.00827766900181
3.0 0.85834926324 0.856002344831 0.00234691840853 0.00092815341403
4.0 0.853475290909 0.733087414552 0.120387876357 -0.00292115544481
5.0 0.84357737211 0.75473770269 0.0888396694201 -0.00326123189946
6.0 0.85192871712 0.804414361571 0.0475143555491 -0.0258211795249
7.0 0.856036850328 0.755211510353 0.100825339975 0.0053415734778
8.0 0.826133435015 0.706049887536 0.120083547479 0.00573594617794
9.0 0.761739309437 0.590816591132 0.170922718305 -0.0191411124958
10.0 0.665135868177 0.452741146591 0.212394721586 0.0162251664074
11.0 0.453229570858 0.65596944529 -0.202739874432 -0.00282000008954
12.0 0.201521645996 0.350189990906 -0.14866834491 0.0460274018845
13.0 0.809433987834 0.789009929694 0.0204240581395 2.86348956201e-05
14.0 0.853889974207 0.770841892967 0.0830480812405 -2.38924566032e-05
15.0 0.865520170334 0.86700472172 -0.00148455138556 0.00062955591245
16.0 0.850794106766 0.679968874653 0.170825232113 0.00315140384993
17.0 0.829504396303 0.834988957836 -0.0054845615332 -8.95758556695e-05
18.0 0.817513651735 0.660105482479 0.157408169256 8.71986595401e-05
19.0 0.802298426107 0.726770763925 0.0755276621819 -0.000203294402374
20.0 0.757504276967 0.448508303018 0.308995973949 -0.00160555817763
21.0 0.758665738462 0.602392879976 0.156272858486 -0.00298930484034
22.0 0.773312621189 0.545735835265 0.227576785924 -0.00913502180586
23.0 0.866488403225 0.870261758106 -0.0037733548808 -0.013190655656
24.0 0.874876185351 0.757543250646 0.117332934705 -0.0118045782709
25.0 0.862149149714 0.847036403101 0.0151127466135 0.0310929959622
26.0 0.858208068062 0.819175987073 0.0390320809885 -0.00100116979093
27.0 0.866965686516 0.908591377231 -0.0416256907146 8.61940727126e-17
28.0 0.610199028269 0.830823965838 -0.220624937569 0.0551326948459
29.0 0.870025692183 0.768145661696 0.101880030487 -0.0461163539327
30.0 0.874797518299 0.855646599327 0.019150918972 0.0412235746188
31.0 0.864267087396 0.855334031952 0.00893305544425 -0.0413125478641
32.0 0.841471668278 0.846238363008 -0.00476669473041 0.0650037978976
33.0 0.842565632659 0.871450263563 -0.0288846309038 -0.0283088417166
34.0 0.818741020547 0.759455197645 0.0592858229022 -8.67991457657e-05
35.0 0.782915125881 0.72364445226 0.0592706736214 0.00867163221524
25.0 0.835262157743 0.874789890857 -0.0395277331141 -0.0757251964403
29.0 0.849284670213 0.729876548574 0.119408121639 -0.0416761919804
30.0 0.859660505959 0.850128437226 0.00953206873272 0.0194333563071
31.0 0.860814379415 0.815979918847 0.0448344605685 0.0288850078841
32.0 0.847453251849 0.828951640494 0.0185016113554 0.13560227918
3.0 0.831138948291 0.827450930542 0.00368801774862 -0.133698575134
4.0 0.815544812019 0.686127402518 0.129417409501 -0.0103756314158
5.0 0.799283071469 0.743160491972 0.0561225794969 0.0148215330647
6.0 0.811626239916 0.739271339358 0.0723549005582 0.0175997814864
7.0 0.81472899248 0.783321587302 0.0314074051781 -0.0326239022746
9.0 0.698090605191 0.552675798902 0.145414806289 0.00204299807121
10.0 0.57109343066 0.355941615724 0.215151814936 -0.00416061397874
11.0 0.470150178151 0.639565044168 -0.169414866017 0.00416354017726
12.0 0.362028396382 0.265543479832 0.0964849165501 -0.00335511402404
13.0 0.818951136094 0.795034871697 0.0239162643967 -0.00198007759918
14.0 0.826512552458 0.666624889349 0.159887663109 -0.00835057456605
16.0 0.82805558862 0.707824148108 0.120231440512 -0.0212658800704
18.0 0.806618291692 0.697142776059 0.109475515633 0.00673048144925
19.0 0.791630762989 0.673467311593 0.118163451396 0.00966139274463
20.0 0.57520474948 0.399766306016 0.175438443464 -0.00985584375531
21.0 0.710715821944 0.604307901346 0.106407920598 0.0289113351849
24.0 0.82653742244 0.694257858038 0.132279564402 -0.0264481922436
26.0 0.83335132482 0.788732623855 0.0446187009652 0.00972915334156
34.0 0.827892511079 0.739809050244 0.0880834608347 0.0118492127842
35.0 0.806840390225 0.696106156386 0.110734233839 0.0623781124112
3.0 0.814897676407 0.836354058309 -0.0214563819021 -0.0840792353171
4.0 0.806696144196 0.736501935234 0.070194208962 0.0321354630128
5.0 0.807980407878 0.68288207542 0.125098332458 -0.0179012609071
6.0 0.814215193123 0.773107235845 0.0411079572781 -0.00785598393878
7.0 0.812090614628 0.736841218138 0.0752493964904 0.00133418310606
9.0 0.720134378141 0.56801902288 0.152115355261 0.00848029761661
10.0 0.572074815485 0.32399330559 0.248081509895 -0.0273083578987
11.0 0.493056803336 0.591960375114 -0.0989035717779 0.0239835323956
12.0 0.200326011493 0.307848248758 -0.107522237265 -0.0225518150987
13.0 0.843458938273 0.773305589488 0.0701533487848 0.0240267294339
14.0 0.856641434625 0.762395894023 0.0942455406018 -0.00335234047697
16.0 0.811134529589 0.657633463202 0.153501066387 0.252554539686
18.0 0.844944905513 0.666375230401 0.178569675112 -0.249123409838
19.0 0.761653846319 0.693965689729 0.0676881565903 0.000835853958839
20.0 0.49244675259 0.393777813522 0.098668939068 -0.00490695965028
21.0 0.753542918394 0.660006082398 0.0935368359958 0.00746851696783
24.0 0.846242838066 0.709815419667 0.136427418399 0.00183510684403

________________________________________________________________________________

RMSE(RF) = 0.108821190666
Explained Variance(RF) = 0.289297937434
Kendall Tau, P_value(RF) = 0.45195954488 1.27897832393e-12

Resid Measured_s2  Predicted_s2    s2_diff        Feature Importances
1.0 0.797367906216 0.682972758347 0.114395147869 0.00122817265077
2.0 0.860580382116 0.826453976262 0.0341264058537 0.000395910166067
3.0 0.85834926324 0.825500546925 0.032848716315 0.00017445111654
4.0 0.853475290909 0.805208721861 0.0482665690476 0.000113608375094
5.0 0.84357737211 0.808208706375 0.0353686657348 9.66950350541e-05
6.0 0.85192871712 0.830959167745 0.0209695493753 3.48486855189e-05
7.0 0.856036850328 0.741898291792 0.114138558536 2.79786936421e-06
8.0 0.826133435015 0.57639470671 0.249738728305 0.00630780758645
9.0 0.761739309437 0.653415897761 0.108323411676 0.00114489549462
10.0 0.665135868177 0.441764967397 0.22337090078 0.00230768480228
11.0 0.453229570858 0.729242120944 -0.276012550086 0.00239921933457
12.0 0.201521645996 0.393864263763 -0.192342617767 0.0856762270125
13.0 0.809433987834 0.838848245471 -0.029414257637 0.0486340126063
14.0 0.853889974207 0.824306518185 0.029583456022 0.0286170080278
15.0 0.865520170334 0.808325108202 0.0571950621317 0.0279300225116
16.0 0.850794106766 0.69105502568 0.159739081086 0.0402429775414
17.0 0.829504396303 0.786751166835 0.0427532294676 0.0167504227603
18.0 0.817513651735 0.702903347231 0.114610304504 0.116950534328
19.0 0.802298426107 0.791969893957 0.0103285321499 0.0576121915212
20.0 0.757504276967 0.621108808259 0.136395468708 0.0114125139394
21.0 0.758665738462 0.423969689582 0.33469604888 0.00703329614284
22.0 0.773312621189 0.651357634303 0.121954986886 0.0133156361654
23.0 0.866488403225 0.781021273979 0.0854671292465 0.0574883586539
24.0 0.874876185351 0.755405650577 0.119470534774 0.0244496221006
25.0 0.862149149714 0.806755399797 0.0553937499168 0.36482493514
26.0 0.858208068062 0.826078053917 0.0321300141449 0.00406203126089
27.0 0.866965686516 0.816011640976 0.0509540455405 0.0
28.0 0.610199028269 0.758023930791 -0.147824902522 0.00233589028759
29.0 0.870025692183 0.791204131069 0.078821561114 0.00214684161432
30.0 0.874797518299 0.837734072061 0.0370634462376 0.0025420116256
31.0 0.864267087396 0.825819298451 0.038447788945 0.00208290509537
32.0 0.841471668278 0.822066805602 0.0194048626755 0.00134350666309
33.0 0.842565632659 0.810881544797 0.0316840878615 0.00139922616079
34.0 0.818741020547 0.803787469682 0.014953550865 0.00222452685631
35.0 0.782915125881 0.759469730225 0.0234453956559 0.00173397951884
25.0 0.835262157743 0.796777622627 0.0384845351164 0.00264263352392
29.0 0.849284670213 0.80230446142 0.0469802087929 0.00184074788982
30.0 0.859660505959 0.831308590584 0.0283519153754 0.00120770898864
31.0 0.860814379415 0.814985158638 0.0458292207774 0.00169759875605
32.0 0.847453251849 0.805210835031 0.0422424168182 0.00162102971615
3.0 0.831138948291 0.812578472462 0.018560475829 0.00413800149413
4.0 0.815544812019 0.796350428273 0.0191943837465 0.00258212618495
5.0 0.799283071469 0.788293024503 0.010990046966 0.00206519291944
6.0 0.811626239916 0.82553259491 -0.0139063549944 0.00427822565045
7.0 0.81472899248 0.73537662882 0.0793523636602 0.00344960321464
9.0 0.698090605191 0.630891079975 0.0671995252165 0.00236253532535
10.0 0.57109343066 0.399810436639 0.171282994021 0.00146564887818
11.0 0.470150178151 0.743351088349 -0.273200910198 0.00135706963175
12.0 0.362028396382 0.370424084756 -0.00839568837414 0.00147659476542
13.0 0.818951136094 0.831269359325 -0.0123182232314 0.00127869770386
14.0 0.826512552458 0.790345135796 0.0361674166619 0.00127061492364
16.0 0.82805558862 0.686608116381 0.141447472239 0.00176902463299
18.0 0.806618291692 0.701374335579 0.105243956113 0.00159974709906
19.0 0.791630762989 0.774205254789 0.0174255082 0.00146623574892
20.0 0.57520474948 0.612631471175 -0.0374267216947 0.000997024973739
21.0 0.710715821944 0.519920397339 0.190795424605 0.000866137133165
24.0 0.82653742244 0.746447895512 0.0800895269282 0.00098225200648
26.0 0.83335132482 0.812503349929 0.0208479748911 0.000812940082299
34.0 0.827892511079 0.799375454287 0.0285170567924 0.000935478679922
35.0 0.806840390225 0.770758092789 0.0360822974359 0.00109979767477
3.0 0.814897676407 0.821610097906 -0.00671242149915 0.00138675922474
4.0 0.806696144196 0.80264748317 0.00404866102571 0.000997523921024
5.0 0.807980407878 0.795901240415 0.0120791674628 0.00078327377824
6.0 0.814215193123 0.831319405112 -0.0171042119892 0.00105929800593
7.0 0.812090614628 0.7345519615 0.0775386531285 0.00112307201683
9.0 0.720134378141 0.632882204006 0.0872521741352 0.000744967266715
10.0 0.572074815485 0.413206757585 0.1588680579 0.00083357735284
11.0 0.493056803336 0.737535383946 -0.24447858061 0.000854291795
12.0 0.200326011493 0.376062855349 -0.175736843856 0.000921169864149
13.0 0.843458938273 0.834239129891 0.00921980838219 0.00144274398542
14.0 0.856641434625 0.80317205963 0.0534693749945 0.000821939015703
16.0 0.811134529589 0.687648177709 0.12348635188 0.000853294730415
18.0 0.844944905513 0.699634850883 0.14531005463 0.000996063505691
19.0 0.761653846319 0.778883472907 -0.0172296265877 0.000750140836382
20.0 0.49244675259 0.611064846008 -0.118618093418 0.00111925947519
21.0 0.753542918394 0.51060525724 0.242937661154 0.00208876298804
24.0 0.846242838066 0.750603191894 0.0956396461719 0.00294642598992
