RMSE(LR) = 0.280504672147
Explained Variance(LR) = -1.78732937385
Kendall tau, p_value(LR) = 0.257091722595 3.03314408747e-06

 Measured s2   LR Predicted s2  s2 Diff       Regression Coefs
0.868091514945 0.837863087654 0.0302284272909 -396665000.425
0.860693320094 0.84018522501 0.0205080950841 1838510420.25
0.774812346861 0.770230293274 0.00458205358707 424585733.37
0.835183095865 0.730464577675 0.10471851819 1047312538.48
0.745663085136 0.772662520409 -0.0269994352726 508749354.006
0.61426761069 0.756001412868 -0.141733802178 -711704009.854
0.773312621189 0.340212166309 0.43310045488 168793685.775
0.641889517398 0.725183546543 -0.0832940291451 -76774762.3837
0.400318748898 0.694787859917 -0.294469111019 -76774762.4309
0.755490967137 0.748036563396 0.00745440374055 -76774762.4071
0.719358144975 0.73668473959 -0.0173265946147 -76774762.4229
0.739991306884 0.80018132925 -0.0601900223663 0.0389176290482
0.760948700172 0.793439745903 -0.032491045731 8.79764556885e-05
0.824596890759 0.762073040009 0.0625238507505 -6.25550746918e-05
0.888307744558 0.882636725903 0.00567101865544 0.000865373760462
0.283861818286 0.315911412239 -0.0320495939531 0.00138625502586
0.72817498639 0.840385973454 -0.112210987064 -0.000136852264404
0.715304874353 0.635039746761 0.0802651275917 0.000146746635437
0.862409043244 0.815591990948 0.0468170522963 -0.000591777265072
0.641074863753 0.684806108475 -0.0437312447217 -0.0067835599184
0.65874537231 0.676341593266 -0.0175962209555 -0.00993311405182
0.690452059466 0.9328083992 -0.242356339734 -0.0134727209806
0.853475290909 0.807568311691 0.0459069792177 -0.0142664164305
0.82608078339 0.70960265398 0.11647812941 -0.0100210346282
0.857034192678 0.710632264614 0.146401928064 0.0281356684864
0.349283509125 0.630659341812 -0.281375832687 0.00446538627148
0.296790575101 0.307087540627 -0.0102969655255 -11257.7343137
0.858208068062 0.838534355164 0.0196737128984 0.0936326787341
0.896765943716 0.850837230682 0.0459287130336 -0.150473896414
0.729636146509 1.23983091116 -0.510194764651 0.0740712527186
0.836268236129 0.640628576279 0.19563965985 -0.00656545441598
0.769034401069 0.785613894463 -0.0165794933936 -0.00213982956484
0.669762007996 0.822955727577 -0.153193719581 0.0889264484867
0.911381401009 0.801984250546 0.109397150463 -0.177033204818
0.62001225851 0.701552510262 -0.0815402517515 -0.0558893454727
0.875321336328 0.795601963997 0.0797193723311 0.000446746125817
0.841247138149 0.843844175339 -0.00259703718975 -0.105401721783
0.650783780321 0.875986993313 -0.225203212992 0.0443842369132
0.867852553386 0.90275400877 -0.034901455384 0.00466894358397
0.89203482162 0.758267581463 0.133767240157 0.073609944433
0.236447867272 0.783959984779 -0.547512117507 0.194992234465
0.903920211797 0.840453147888 0.0634670639088 -0.294668532442
0.858134156446 0.629570901394 0.228563255052 0.060059022624
0.112914564621 0.656279206276 -0.543364641655 0.0828625839204
0.69338830641 0.68727606535 0.00611224106042 0.00133290840313
0.860836674233 0.767720222473 0.0931164517599 -0.116729186848
0.749117910243 0.8631747365 -0.114056826257 0.0617287973873
0.834678253855 0.793623566628 0.0410546872275 -0.10320600681
0.915262743736 0.894013702869 0.0212490408666 -0.152905059978
0.773056982976 0.825656235218 -0.052599252242 0.0986251290888
0.85834926324 0.787909090519 0.070440172721 0.106043039821
0.895933909339 0.741363286972 0.154570622367 0.487031324301
0.665135868177 0.539900958538 0.125234909639 -0.348938576411
0.588163593259 0.693903028965 -0.105739435706 -0.085254711099
0.785981019122 0.723177492619 0.0628035265034 0.0862815394066
0.871067758332 0.763981223106 0.107086535226 -0.00176591333002
0.81541747215 0.744115233421 0.0713022387287 -0.178982677404
0.866839624196 0.877615451813 -0.0107758276167 0.103528621607
0.795879487966 0.800800442696 -0.00492095472962 0.193966142833
0.637088514722 0.745105147362 -0.10801663264 -0.16526386328
0.869419902589 0.886761367321 -0.017341464732 -0.0642255195417
0.866488403225 0.698086202145 0.16840220108 0.0024340050295
0.201521645996 -0.24139970541 0.442921351406 0.00321306893602
0.870523409437 0.924196183681 -0.0536727742445 -0.0204924871214
0.817513651735 0.721221864223 0.0962917875115 0.0520593905821
0.691047718586 0.812368273735 -0.121320555149 -0.0380054996349
0.73396607757 0.738912463188 -0.00494638561817 0.12053718674
0.359160011376 -0.15191668272 0.511076694096 -0.128986214753
0.898082027367 0.800933539867 0.0971484874996 0.159850528464
0.802298426107 0.740925788879 0.0613726372276 -0.156124584377
0.74680163994 0.896336078644 -0.149534438704 -0.0401145145297
0.769194380556 0.516140758991 0.253053621565 0.0435247607529
0.930052704522 0.80628246069 0.123770243832 0.0709216445684
0.842716976223 0.78721344471 0.0555035315132 -0.134879991412
0.58840659223 0.617327034473 -0.0289204422434 0.0678170956671
0.822911990802 0.533376932144 0.289535058658 -0.0495092459023
0.900893014141 0.793039262295 0.107853751846 0.0645282007754
