0.280504672147
0.132189971265
0.129847713324

-1.78732937385
0.380979389541
0.402721743726

0.257091722595 3.03314408747e-06
0.348008948546 2.62342207147e-10
0.391856823266 1.11281808327e-12

0.868091514945 0.837863087654 0.796046143512 0.774089951381 0.0302284272909 0.0720453714332 0.0940015635637 -396665000.425 0.0 0.0
0.860693320094 0.84018522501 0.757605972958 0.781702173622 0.0205080950841 0.103087347136 0.0789911464717 1838510420.25 0.0 0.0
0.774812346861 0.770230293274 0.624975544278 0.619406140681 0.00458205358707 0.149836802583 0.15540620618 424585733.37 0.0 0.0
0.835183095865 0.730464577675 0.737135316459 0.77236429527 0.10471851819 0.0980477794058 0.0628188005954 1047312538.48 0.0 0.0
0.745663085136 0.772662520409 0.814388415109 0.783167459903 -0.0269994352726 -0.0687253299729 -0.037504374767 508749354.006 0.0 0.0
0.61426761069 0.756001412868 0.813940240817 0.829419893997 -0.141733802178 -0.199672630127 -0.215152283307 -711704009.854 0.0 0.0
0.773312621189 0.340212166309 0.684373503632 0.66970806945 0.43310045488 0.0889391175574 0.103604551739 168793685.775 0.0 0.0
0.641889517398 0.725183546543 0.834554043186 0.841600270417 -0.0832940291451 -0.192664525788 -0.199710753019 -76774762.3837 3.26252797996e-05 0.00358371745682
0.400318748898 0.694787859917 0.726098311474 0.715960925589 -0.294469111019 -0.325779562576 -0.315642176691 -76774762.4309 0.000992175930089 0.0140578519917
0.755490967137 0.748036563396 0.732533665224 0.77447730799 0.00745440374055 0.0229573019128 -0.0189863408526 -76774762.4071 0.000640236634834 0.0054414550868
0.719358144975 0.73668473959 0.666308396225 0.739130573273 -0.0173265946147 0.0530497487496 -0.0197724282978 -76774762.4229 0.000424597410233 0.0109380561173
0.739991306884 0.80018132925 0.772485425111 0.76602236699 -0.0601900223663 -0.0324941182273 -0.0260310601058 0.0389176290482 0.0880015452376 0.163575173867
0.760948700172 0.793439745903 0.824296157736 0.800918737897 -0.032491045731 -0.0633474575636 -0.0399700377251 8.79764556885e-05 0.0209226404853 0.00651019050863
0.824596890759 0.762073040009 0.819155492738 0.773980977255 0.0625238507505 0.00544139802129 0.0506159135037 -6.25550746918e-05 0.00406944847153 0.00579370392504
0.888307744558 0.882636725903 0.858340355475 0.849322320692 0.00567101865544 0.0299673890826 0.0389854238663 0.000865373760462 0.00953442706985 0.00529415288826
0.283861818286 0.315911412239 0.503885680698 0.488000322763 -0.0320495939531 -0.220023862412 -0.204138504477 0.00138625502586 0.0150939206192 0.00560528953911
0.72817498639 0.840385973454 0.805533206325 0.822869490925 -0.112210987064 -0.0773582199346 -0.0946945045355 -0.000136852264404 0.0161567710825 0.0157252115974
0.715304874353 0.635039746761 0.752361410677 0.722788396967 0.0802651275917 -0.0370565363241 -0.00748352261429 0.000146746635437 0.106497665955 0.0127016791316
0.862409043244 0.815591990948 0.806182647297 0.825782542366 0.0468170522963 0.0562263959471 0.0366265008776 -0.000591777265072 0.0391396307438 0.01528194836
0.641074863753 0.684806108475 0.623693957617 0.60756183872 -0.0437312447217 0.0173809061363 0.0335130250326 -0.0067835599184 0.0067082734565 0.00468537724346
0.65874537231 0.676341593266 0.712026205722 0.745120151983 -0.0175962209555 -0.0532808334116 -0.0863747796735 -0.00993311405182 0.00911757994761 0.00408858101626
0.690452059466 0.9328083992 0.830447815361 0.831012659227 -0.242356339734 -0.139995755895 -0.140560599761 -0.0134727209806 0.0129595359361 0.00502281574693
0.853475290909 0.807568311691 0.806919984151 0.832801349313 0.0459069792177 0.0465553067581 0.0206739415956 -0.0142664164305 0.0104582813847 0.00809066624267
0.82608078339 0.70960265398 0.798839377216 0.779232246872 0.11647812941 0.0272414061743 0.0468485365176 -0.0100210346282 0.00504805506451 0.00482375721497
0.857034192678 0.710632264614 0.708429201859 0.734050249964 0.146401928064 0.148604990819 0.122983942714 0.0281356684864 0.106460676852 0.126507136219
0.349283509125 0.630659341812 0.505690353931 0.495788432081 -0.281375832687 -0.156406844806 -0.146504922956 0.00446538627148 0.00637696624856 0.0289988748275
0.296790575101 0.307087540627 0.496172653794 0.477208324724 -0.0102969655255 -0.199382078693 -0.180417749623 -11257.7343137 0.0 0.0
0.858208068062 0.838534355164 0.825224928623 0.798707604696 0.0196737128984 0.0329831394388 0.0595004633656 0.0936326787341 0.00635580460124 0.00752100820802
0.896765943716 0.850837230682 0.801105049467 0.793337619328 0.0459287130336 0.0956608942495 0.103428324388 -0.150473896414 0.00763700632448 0.00754667656051
0.729636146509 1.23983091116 0.781033552208 0.746461857428 -0.510194764651 -0.0513974056994 -0.0168257109192 0.0740712527186 0.017796095171 0.0110046170844
0.836268236129 0.640628576279 0.807051317967 0.794537645145 0.19563965985 0.0292169181618 0.0417305909844 -0.00656545441598 0.0158954870999 0.0105358871386
0.769034401069 0.785613894463 0.820212178736 0.803482063306 -0.0165794933936 -0.0511777776671 -0.0344476622369 -0.00213982956484 0.0112100801459 0.0110885756232
0.669762007996 0.822955727577 0.707694794951 0.70213401394 -0.153193719581 -0.0379327869546 -0.0323720059444 0.0889264484867 0.015721472926 0.0112611838412
0.911381401009 0.801984250546 0.818053080183 0.837489757328 0.109397150463 0.0933283208257 0.0738916436812 -0.177033204818 0.0128732180282 0.00974310252416
0.62001225851 0.701552510262 0.751189324596 0.735839341639 -0.0815402517515 -0.131177066086 -0.115827083129 -0.0558893454727 0.0045628905739 0.00814441549918
0.875321336328 0.795601963997 0.818215086407 0.834477520565 0.0797193723311 0.0571062499206 0.0408438157633 0.000446746125817 0.00947879140376 0.0125014657343
0.841247138149 0.843844175339 0.83288894741 0.835192290221 -0.00259703718975 0.0083581907391 0.00605484792781 -0.105401721783 0.0358986282381 0.0108300770973
0.650783780321 0.875986993313 0.792271276679 0.794470959641 -0.225203212992 -0.141487496358 -0.14368717932 0.0443842369132 0.0141705944052 0.00991054551993
0.867852553386 0.90275400877 0.790347133401 0.796289774259 -0.034901455384 0.0775054199846 0.0715627791269 0.00466894358397 0.00940931270515 0.00650675222463
0.89203482162 0.758267581463 0.813985621473 0.80330580171 0.133767240157 0.0780492001474 0.0887290199097 0.073609944433 0.00854286361897 0.0073356030762
0.236447867272 0.783959984779 0.672483677702 0.719972092727 -0.547512117507 -0.43603581043 -0.483524225455 0.194992234465 0.0452984530772 0.0222762743186
0.903920211797 0.840453147888 0.821471422155 0.807183689334 0.0634670639088 0.0824487896423 0.0967365224634 -0.294668532442 0.0896097191008 0.031843271168
0.858134156446 0.629570901394 0.822249133609 0.823186673244 0.228563255052 0.0358850228368 0.0349474832016 0.060059022624 0.0614086505313 0.0289467462115
0.112914564621 0.656279206276 0.669674440002 0.634321524768 -0.543364641655 -0.556759875381 -0.521406960147 0.0828625839204 0.0076820555834 0.0257232593552
0.69338830641 0.68727606535 0.726770768475 0.691260486456 0.00611224106042 -0.0333824620645 0.00212781995393 0.00133290840313 0.0100360758106 0.0219051117411
0.860836674233 0.767720222473 0.64553094767 0.743642393573 0.0931164517599 0.215305726563 0.11719428066 -0.116729186848 0.0132109150647 0.0214778627587
0.749117910243 0.8631747365 0.798559957351 0.796183260195 -0.114056826257 -0.049442047108 -0.0470653499524 0.0617287973873 0.0124992193346 0.0239053922662
0.834678253855 0.793623566628 0.775078143423 0.74282853538 0.0410546872275 0.0596001104319 0.0918497184752 -0.10320600681 0.00674083935265 0.0174166203971
0.915262743736 0.894013702869 0.803237285826 0.835621715631 0.0212490408666 0.11202545791 0.079641028105 -0.152905059978 0.00314062634281 0.0136790706159
0.773056982976 0.825656235218 0.82507723911 0.834568687302 -0.052599252242 -0.0520202561344 -0.0615117043265 0.0986251290888 0.00345434943798 0.012069960136
0.85834926324 0.787909090519 0.822135477938 0.798846248402 0.070440172721 0.036213785302 0.0595030148383 0.106043039821 0.00203796164486 0.0108686662382
0.895933909339 0.741363286972 0.837315750483 0.833354103627 0.154570622367 0.0586181588564 0.0625798057117 0.487031324301 0.00468904983486 0.00959412729854
0.665135868177 0.539900958538 0.520034283767 0.51107422168 0.125234909639 0.14510158441 0.154061646497 -0.348938576411 0.00251614349754 0.0093933707076
0.588163593259 0.693903028965 0.737810622581 0.731800120274 -0.105739435706 -0.149647029322 -0.143636527015 -0.085254711099 0.00813681930607 0.0159299920848
0.785981019122 0.723177492619 0.675781887132 0.681436592364 0.0628035265034 0.11019913199 0.104544426758 0.0862815394066 0.00349055138003 0.0174992799322
0.871067758332 0.763981223106 0.809694566939 0.802815995328 0.107086535226 0.0613731913931 0.0682517630042 -0.00176591333002 0.00223982503346 0.0121738588981
0.81541747215 0.744115233421 0.737596975868 0.78999042352 0.0713022387287 0.0778204962822 0.02542704863 -0.178982677404 0.0126730553436 0.00984606732171
0.866839624196 0.877615451813 0.834370075902 0.834167220397 -0.0107758276167 0.0324695482939 0.0326724037988 0.103528621607 0.00358698663271 0.0124794960496
0.795879487966 0.800800442696 0.817212088285 0.806060654026 -0.00492095472962 -0.0213326003191 -0.0101811660595 0.193966142833 0.00643069804322 0.00581464701834
0.637088514722 0.745105147362 0.66505533198 0.672048712213 -0.10801663264 -0.0279668172577 -0.034960197491 -0.16526386328 0.00746136475925 0.00625793775923
0.869419902589 0.886761367321 0.840767994575 0.837151617175 -0.017341464732 0.0286519080141 0.0322682854145 -0.0642255195417 0.00980925666466 0.00553084533211
0.866488403225 0.698086202145 0.800333031419 0.782460218435 0.16840220108 0.0661553718057 0.0840281847903 0.0024340050295 0.00253389129282 0.0050931600896
0.201521645996 -0.24139970541 0.486137468394 0.482608999652 0.442921351406 -0.284615822398 -0.281087353656 0.00321306893602 0.00156233278517 0.00282299189651
0.870523409437 0.924196183681 0.791755232538 0.821202341693 -0.0536727742445 0.0787681768987 0.0493210677444 -0.0204924871214 0.00230582953512 0.00419345261552
0.817513651735 0.721221864223 0.773238078215 0.735128083569 0.0962917875115 0.0442755735195 0.0823855681656 0.0520593905821 0.00185861260053 0.00376257406013
0.691047718586 0.812368273735 0.846459270278 0.829528229402 -0.121320555149 -0.155411551692 -0.138480510816 -0.0380054996349 0.00597287626233 0.00258886575969
0.73396607757 0.738912463188 0.822008702604 0.830622960862 -0.00494638561817 -0.0880426250336 -0.0966568832924 0.12053718674 0.00346537669848 0.00367103285213
0.359160011376 -0.15191668272 0.472020000203 0.538519319242 0.511076694096 -0.112859988827 -0.179359307866 -0.128986214753 0.00298253122737 0.00341128688376
0.898082027367 0.800933539867 0.82211713348 0.83659714645 0.0971484874996 0.075964893887 0.0614848809169 0.159850528464 0.00490132386692 0.00312577328938
0.802298426107 0.740925788879 0.763071031339 0.746449017489 0.0613726372276 0.0392273947677 0.0558494086181 -0.156124584377 0.00508751077398 0.00373574200586
0.74680163994 0.896336078644 0.827018147656 0.799168819277 -0.149534438704 -0.0802165077162 -0.0523671793374 -0.0401145145297 0.00125993491856 0.00483019955581
0.769194380556 0.516140758991 0.778838309486 0.822768396203 0.253053621565 -0.00964392893016 -0.0535740156466 0.0435247607529 0.00408902652979 0.00606868700236
0.930052704522 0.80628246069 0.747353316877 0.760993642636 0.123770243832 0.182699387645 0.169059061886 0.0709216445684 0.00323279630683 0.00515629568223
0.842716976223 0.78721344471 0.804257706968 0.795949644342 0.0555035315132 0.038459269255 0.0467673318805 -0.134879991412 0.00123087967375 0.00477342112245
0.58840659223 0.617327034473 0.669774221074 0.647390932175 -0.0289204422434 -0.0813676288436 -0.0589843399447 0.0678170956671 0.00306744504557 0.00447615733671
0.822911990802 0.533376932144 0.505949443945 0.513046850136 0.289535058658 0.316962546857 0.309865140666 -0.0495092459023 0.00557809012223 0.0180953624143
0.900893014141 0.793039262295 0.807551327854 0.811561869251 0.107853751846 0.0933416862866 0.0893311448902 0.0645282007754 0.00653162753222 0.0189075907132
