RMSE(RF) = 0.13174163537
0.385171213213
0.349261744966 2.26374398292e-10
0.868091514945 0.7960806147 0.0720109002445 0.0
0.860693320094 0.754039210914 0.10665410918 0.0
0.774812346861 0.631809957045 0.143002389816 0.0
0.835183095865 0.72663523774 0.108547858125 0.0
0.745663085136 0.810517019502 -0.0648539343664 0.0
0.61426761069 0.815714197493 -0.201446586803 0.0
0.773312621189 0.687249021327 0.0860635998617 0.0
0.641889517398 0.832760411459 -0.190870894061 2.33812506727e-05
0.400318748898 0.729199036214 -0.328880287316 0.000841495999446
0.755490967137 0.734134573442 0.0213563936954 0.000421270611387
0.719358144975 0.672203500897 0.0471546440779 0.000859596701255
0.739991306884 0.776455460361 -0.0364641534772 0.0788452983232
0.760948700172 0.828106500829 -0.0671578006568 0.0195785628257
0.824596890759 0.814422636785 0.0101742539742 0.00402686031836
0.888307744558 0.855602936487 0.0327048080708 0.00848617373401
0.283861818286 0.510505903538 -0.226644085252 0.0167962200278
0.72817498639 0.803003271694 -0.0748282853038 0.0158826299456
0.715304874353 0.7536194175 -0.0383145431468 0.101740317998
0.862409043244 0.804897819051 0.0575112241933 0.0372645080245
0.641074863753 0.625957550695 0.0151173130585 0.00676331472283
0.65874537231 0.715610419528 -0.0568650472176 0.00933390317343
0.690452059466 0.831003738107 -0.140551678641 0.0121013161562
0.853475290909 0.808513557959 0.04496173295 0.0101030068759
0.82608078339 0.800734975766 0.0253458076236 0.00482744103912
0.857034192678 0.712620832089 0.144413360589 0.104456749423
0.349283509125 0.504457034705 -0.15517352558 0.00593229207708
0.296790575101 0.501609009634 -0.204818434533 0.0
0.858208068062 0.822193069042 0.0360149990202 0.00677768010486
0.896765943716 0.800795716465 0.0959702272505 0.00802447014863
0.729636146509 0.781246694107 -0.0516105475981 0.0205717892888
0.836268236129 0.811528933572 0.0247393025572 0.0166020662472
0.769034401069 0.823169364651 -0.0541349635816 0.0110405621762
0.669762007996 0.705111133983 -0.0353491259874 0.0126394975754
0.911381401009 0.820905337529 0.0904760634805 0.016341683918
0.62001225851 0.755045652108 -0.135033393598 0.00533491497864
0.875321336328 0.81814541054 0.0571759257883 0.0101203335928
0.841247138149 0.832744849454 0.0085022886955 0.0335483724376
0.650783780321 0.794105071586 -0.143321291265 0.0138661736679
0.867852553386 0.793188895098 0.0746636582884 0.0127073496845
0.89203482162 0.81452712287 0.0775076987503 0.0107876561538
0.236447867272 0.672505158724 -0.436057291452 0.0471444057368
0.903920211797 0.822511213082 0.0814089987152 0.0934146463725
0.858134156446 0.826551797147 0.0315823592995 0.0624296894053
0.112914564621 0.669856807914 -0.556942243293 0.00827809400306
0.69338830641 0.717676079634 -0.0242877732239 0.0104463038105
0.860836674233 0.653491979038 0.207344695195 0.0120193452404
0.749117910243 0.796610561161 -0.0474926509178 0.0115967532424
0.834678253855 0.784191976954 0.0504862769012 0.0094480243316
0.915262743736 0.804472330857 0.110790412879 0.00394435859839
0.773056982976 0.826382390599 -0.0533254076227 0.00210060018517
0.85834926324 0.823298080522 0.0350511827181 0.00199026736459
0.895933909339 0.838100541067 0.0578333682724 0.00527090242648
0.665135868177 0.526310269289 0.138825598888 0.00279816975835
0.588163593259 0.740682215636 -0.152518622377 0.00992110753879
0.785981019122 0.675354533594 0.110626485528 0.00336378441543
0.871067758332 0.808449186395 0.062618571937 0.00446647089212
0.81541747215 0.737549005603 0.0778684665469 0.0127086253953
0.866839624196 0.834434583561 0.0324050406348 0.00508342364325
0.795879487966 0.818835373318 -0.0229558853517 0.00631967360836
0.637088514722 0.663536398543 -0.026447883821 0.00842845345526
0.869419902589 0.843772453468 0.0256474491208 0.0059083443752
0.866488403225 0.798934900735 0.0675535024901 0.0027800676402
0.201521645996 0.495311603212 -0.293789957216 0.0016901221204
0.870523409437 0.792408990311 0.0781144191263 0.00146548750052
0.817513651735 0.779112276368 0.0384013753672 0.00154439925397
0.691047718586 0.847065408468 -0.156017689882 0.00415578651247
0.73396607757 0.822692540012 -0.0887264624417 0.00599617138499
0.359160011376 0.476653604563 -0.117493593187 0.00261160415732
0.898082027367 0.824553585485 0.0735284418817 0.00540462710105
0.802298426107 0.764748059646 0.0375503664611 0.00361991793617
0.74680163994 0.825371974556 -0.0785703346157 0.00125635808934
0.769194380556 0.779722017688 -0.0105276371322 0.00529801890689
0.930052704522 0.738597348027 0.191455356495 0.00254575342178
0.842716976223 0.807826459549 0.0348905166736 0.00165691436621
0.58840659223 0.663764115103 -0.0753575228726 0.00287397256844
0.822911990802 0.510313550083 0.312598440719 0.00672445853921
0.900893014141 0.808981389995 0.0919116241463 0.00664800750034
