# resid_index #
x = [1, 2, 3, 4, 5, 6, 7, 8, 9, 10, 11, 12, 13, 14, 15, 16, 17, 18, 19, 20, 21, 22, 23, 24, 25, 26, 27, 28, 29, 30, 31, 32, 33, 34, 35]

# s2_predicted_LR #
y1 = [0.7246471223956945, 0.799254828814556, 0.8605418273266174, 0.7508247613367853, 0.7394552992196228, 0.8170223882087182, 0.7768041632617244, 0.7355948281023581, 0.6018812599844212, 0.4569864747358956, 0.6785281773570313, 0.34477017520477204, 0.8057781087650087, 0.7724691702993018, 0.8777501991663446, 0.7037577035068896, 0.8340872266399577, 0.6408603665406218, 0.7784564120901676, 0.447212500888444, 0.6223765882916839, 0.5658029921837171, 0.8327036757441624, 0.7519755728649571, 0.8310916351018935, 0.8227175199386156, 0.9647949523283597, 0.8829850005781523, 0.8013368524491913, 0.8919547582865821, 0.9025105211248423, 0.9030886212181608, 0.8967972473135113, 0.7799753983457594, 0.7675842386208798]

# s2_predicted_RF #
y2 = [0.6793490402737378, 0.6956262363462667, 0.7498254293782866, 0.7388145151416428, 0.8169287705307597, 0.8401619386864533, 0.744684524979895, 0.5466557414211347, 0.5949623059547353, 0.4466981937353657, 0.725178021755946, 0.36855726697523217, 0.8259003811183605, 0.8504460995398087, 0.8217679852828877, 0.7503922750174356, 0.8225132170519837, 0.7135974430565473, 0.79106867111743, 0.6296906121463743, 0.5105465686989549, 0.6713830757938629, 0.8116209933011826, 0.774492821145106, 0.8180043008919445, 0.8216748215988533, 0.8291066813044714, 0.7353197624436453, 0.7711172610604484, 0.7923661365989491, 0.7953333229831372, 0.8110228216924749, 0.7480606063914462, 0.7373658160694959, 0.664240314510295]

# s2_measured #
y3 = [0.797367906216, 0.860580382116, 0.85834926324, 0.853475290909, 0.84357737211, 0.85192871712, 0.856036850328, 0.826133435015, 0.761739309437, 0.665135868177, 0.453229570858, 0.201521645996, 0.809433987834, 0.853889974207, 0.865520170334, 0.850794106766, 0.829504396303, 0.817513651735, 0.802298426107, 0.757504276967, 0.758665738462, 0.773312621189, 0.866488403225, 0.874876185351, 0.862149149714, 0.858208068062, 0.866965686516, 0.610199028269, 0.870025692183, 0.874797518299, 0.864267087396, 0.841471668278, 0.842565632659, 0.818741020547, 0.782915125881]

# s2_diff(measured - predicted_LR) #
y1 = [0.07272078382030545, 0.06132555330144396, -0.002192564086617388, 0.10265052957221465, 0.10412207289037712, 0.03490632891128176, 0.07923268706627562, 0.09053860691264193, 0.15985804945257875, 0.2081493934411044, -0.22529860649903133, -0.14324852920877204, 0.003655879068991341, 0.08142080390769812, -0.012230028832344586, 0.14703640325911038, -0.004582830336957722, 0.17665328519437817, 0.02384201401683239, 0.31029177607855596, 0.13628915017031618, 0.20750962900528291, 0.033784727480837606, 0.12290061248604289, 0.031057514612106485, 0.03549054812338437, -0.09782926581235962, -0.27278597230915236, 0.06868883973380868, -0.017157239987582118, -0.03824343372884231, -0.061616952940160785, -0.05423161465451132, 0.03876562220124069, 0.015330887260120218]

# s2_diff(measured - predicted_RF #
y2 = [0.11801886594226219, 0.16495414576973322, 0.10852383386171349, 0.11466077576735723, 0.026648601579240205, 0.011766778433546676, 0.11135232534810502, 0.2794776935938653, 0.16677700348226465, 0.2184376744416343, -0.27194845089794606, -0.16703562097923216, -0.016466393284360503, 0.0034438746671913156, 0.043752185051112225, 0.10040183174856443, 0.006991179251016333, 0.10391620867845275, 0.011229754989570018, 0.12781366482062562, 0.24811916976304516, 0.1019295453951371, 0.054867409923817334, 0.100383364205894, 0.044144848822055494, 0.03653324646314671, 0.03785900521152863, -0.1251207341746453, 0.09890843112255154, 0.08243138170005093, 0.06893376441286281, 0.030448846585525158, 0.09450502626755375, 0.08137520447750413, 0.11867481137070501]

# Measured/LR #
Kendalltau = 0.48907563025210066
p_value = 3.5865669144766929e-05

# Measured/RF #
Kendalltau = 0.45882352941176452
p_value = 0.00010575633533353122