# resid_index #
x = [1, 2, 8, 15, 17, 22, 23, 25, 27, 28, 29, 30, 31, 32, 33]

# s2_predicted_LR #
y1 = [0.598901488384233, 0.7999541028035686, 0.722052399916765, 0.8135525168913114, 0.809312689140447, 0.5941765962175862, 0.7684805884748609, 0.8578821623934656, 0.9288000133690468, 0.8331958798830923, 0.7306643668104298, 0.9050485073820702, 0.8347088502796687, 0.8463118760197899, 0.8637587063974805]

# s2_predicted_RF #
y2 = [0.6808305577207033, 0.6872251609418504, 0.5498247580964102, 0.8349490832983457, 0.8076060240030609, 0.6462294356105686, 0.8027946477995811, 0.8190966501263326, 0.8335925197964297, 0.7641304199743709, 0.7694994454705902, 0.7735226577109312, 0.768049454837884, 0.7872519346549347, 0.718479854975013]

# s2_measured #
y3 = [0.826231136339, 0.832038711102, 0.828714542151, 0.861112734155, 0.850526715075, 0.812798696368, 0.84822100404, 0.822728202034, 0.874904394505, 0.867206635447, 0.854837179833, 0.865127594001, 0.862650338333, 0.8523181086, 0.846256226026]

# s2_diff(measured - predicted_LR) #
y1 = [0.22732964795476707, 0.032084608298431405, 0.10666214223423509, 0.04756021726368864, 0.041214025934553034, 0.21862210015041372, 0.07974041556513911, -0.03515396035946561, -0.05389561886404681, 0.03401075556390776, 0.12417281302257022, -0.03992091338107018, 0.027941488053331298, 0.006006232580210158, -0.0175024803714805]

# s2_diff(measured - predicted_RF #
y2 = [0.1454005786182967, 0.14481355016014963, 0.27888978405458986, 0.026163650856654286, 0.04292069107193908, 0.1665692607574314, 0.04542635624041891, 0.0036315519076673963, 0.04131187470857034, 0.10307621547262913, 0.08533773436240977, 0.09160493629006883, 0.09460088349511597, 0.06506617394506531, 0.12777637105098705]