# resid_index #
x = [3, 4, 5, 6, 7, 9, 10, 11, 12, 13, 14, 16, 18, 19, 20, 21, 24, 26, 34, 35]

# s2_predicted_LR #
y1 = [0.771797085434553, 0.7234970386229334, 0.7008278726806774, 0.7452140058170507, 0.763302395163298, 0.5296639639211982, 0.32785430362736, 0.627488571462604, 0.30803069633715374, 0.8055974013505862, 0.7353224615130785, 0.6998220370795618, 0.5945215404380972, 0.6626933672408661, 0.37104399922968057, 0.6653523305043763, 0.7048230387012531, 0.7788523807833823, 0.6980426702161537, 0.8050944389490482]

# s2_predicted_RF #
y2 = [0.743565968119453, 0.7389560985977022, 0.8044527659567642, 0.8371511972309813, 0.7374723937912676, 0.5714882262688522, 0.4050445125781434, 0.7371386957889052, 0.353839418678716, 0.8228599255635888, 0.8446458135876411, 0.7341989149818728, 0.7087552490405337, 0.7762339192049962, 0.6153937784882815, 0.5790090474337815, 0.7683433521114357, 0.8043357693208095, 0.7074578111752887, 0.6595445892813981]

# s2_measured #
y3 = [0.814897676407, 0.806696144196, 0.807980407878, 0.814215193123, 0.812090614628, 0.720134378141, 0.572074815485, 0.493056803336, 0.200326011493, 0.843458938273, 0.856641434625, 0.811134529589, 0.844944905513, 0.761653846319, 0.49244675259, 0.753542918394, 0.846242838066, 0.847078897902, 0.82179146662, 0.824002668095]

# s2_diff(measured - predicted_LR) #
y1 = [0.043100590972446895, 0.08319910557306665, 0.1071525351973226, 0.06900118730594929, 0.04878821946470202, 0.19047041421980182, 0.24422051185764004, -0.13443176812660396, -0.10770468484415374, 0.037861536922413785, 0.12131897311192152, 0.1113124925094382, 0.2504233650749028, 0.09896047907813388, 0.12140275336031942, 0.08819058788962375, 0.1414197993647469, 0.06822651711861771, 0.12374879640384628, 0.018908229145951805]

# s2_diff(measured - predicted_RF) #
y2 = [0.07133170828754698, 0.06774004559829783, 0.00352764192123578, -0.022936004107981356, 0.07461822083673242, 0.1486461518721478, 0.16703030290685666, -0.24408189245290524, -0.153513407185716, 0.020599012709411224, 0.01199562103735885, 0.07693561460712717, 0.1361896564724664, -0.014580072885996165, -0.12294702589828149, 0.17453387096021855, 0.07789948595456431, 0.04274312858119045, 0.1143336554447113, 0.16445807881360186]

# Measured/LR #
Kendalltau = 0.57894736842105265
p_value = 0.00035852265867573175

# Measured/RF #
Kendalltau = 0.4631578947368421
p_value = 0.0043023695077000447
