0.130730141187
0.44510186145
0.750627652378 0.884550989328 0.0341185558489
0.910364003218 0.869846712271 -0.00589604199268
0.867468809699 0.842244809773 -0.00464977490657
0.779902729359 0.773383754633 -0.00138471244875
0.589189757588 0.665198222821 0.000291669929518
0.748124264095 0.854309892853 -0.00978415229171
0.73699464993 0.864684620816 -0.0126955441386
0.894184640161 0.81473909689 0.0125308645239
0.845072705005 0.781658851573 -0.0325437125586
0.821203924443 0.758895458837 0.0126900260542
0.785155864167 0.824947965957 0.00732282198038
0.897383539464 0.762322894076 0.0352616595976
0.811669810296 0.893438361703 9.80297444386e-06
0.812341347267 0.798312781388 -5.91601780382e-06
0.789282609313 0.821851878113 -2.37562544262e-05
0.644627677177 0.641501450409 0.00231024947453
0.835377346237 0.730892585739 -0.000111029463507
0.682152430532 0.797580778144 0.000109411925905
0.801516026636 0.634003435875 -0.000254779220714
0.601848456581 0.572113569749 -0.004357999283
0.447927383826 0.612482480448 -0.00587717074668
0.81666019057 0.771005923434 -0.00399852309056
0.807607257951 0.68291410979 -0.00274514119558
0.886691661509 0.856296923737 -0.00515637094502
0.845048958437 0.703943224462 0.0337314625813
0.892660363204 0.791989219429 0.000132027294285
0.453229570858 0.69268814701 -1.70002900646e-16
0.758908381513 0.713918815291 0.0521160338206
0.857034192678 0.801959937504 -0.0495663949295
0.639034705366 0.746870474837 0.0270510373186
0.915262743736 0.960094826941 -0.115552429994
0.867110506636 0.795564910914 0.157414835889
0.865127594001 0.915226075847 -0.0810167112747
0.837657138921 0.777697209635 0.0331623063705
0.80759136256 0.788510152681 0.0446207963424
0.791053765799 0.747787552493 -0.0109795335375
0.754777937022 0.858507217447 -0.0666649656016
0.632441682152 0.516617829769 -0.0554267150786
0.847078897902 0.783298948201 0.0291860083877
0.869003494643 0.721143733359 0.10950037764
0.870877681476 0.769104097636 0.0430147706442
0.66489303765 0.758028695633 -0.0234600072212
0.656459917746 0.756971761545 -0.0843863565943
0.745436716518 0.65053252321 0.0352508465995
0.911381401009 0.877837139744 -0.063186880564
0.580273203449 0.752097318614 -0.0247642083311
0.724380152277 0.740548960861 0.0193410759351
0.88241507633 0.772478754747 0.0266474954155
0.832014645124 0.801726637592 0.0644801575051
0.654576429601 0.810684176907 -0.0368890436934
0.467153539176 0.721034048942 0.077783849898
0.861438098389 0.7928344692 -0.118467016142
0.834509827609 0.633759602365 -0.0172120859156
0.850526715075 0.813008767734 0.0804986170118
0.855332750222 0.841307853062 -0.0316985751047
0.869010388905 0.699434067082 0.0144629586303
0.930052704522 0.810185576518 -0.0285076887185
0.84108812096 0.834572122485 0.0351049535288
0.870523409437 0.90555723078 0.0371854799759
0.398215877181 0.687067069921 -0.098941888692
0.833917777441 0.589212618205 0.0753659559452
0.322721047963 0.729775278385 -0.0306971402779
0.868091514945 0.77450664952 -0.0684670816316
0.645187821768 0.812295362805 0.189860559134
0.862409043244 0.810028381778 -0.0518800961849
0.749621062247 0.882821551649 -0.0758360125609
0.3764992166 0.573618359598 -0.0704999880866
0.726293950012 0.800302060086 0.126115616332
0.82805558862 0.726568820802 -0.0191420786502
0.825728612782 0.584335124834 -0.120100593249
0.715304874353 0.599631419261 0.113943826953
0.823042016461 0.843503684824 0.260273815873
0.767050062899 0.687999316445 -0.356831699661
0.77607961016 0.925993143043 0.222981997813
0.827892511079 0.764622357837 -0.149491755237
0.824529559375 0.757593174233 0.111038909965
0.824002668095 0.733468333176 -0.161189818829
0.0980337096756
0.687958266759
0.750627652378 0.776814745274 0.000859563809338
0.910364003218 0.840707756273 2.03651258053e-05
0.867468809699 0.823561097372 0.000675549152576
0.779902729359 0.784937289755 0.000539878594286
0.589189757588 0.645357373134 0.000176554025875
0.748124264095 0.782473170869 4.20670572219e-05
0.73699464993 0.77812667639 5.80482586117e-05
0.894184640161 0.780776813233 0.00172880017199
0.845072705005 0.838689260626 0.00248658077729
0.821203924443 0.825220634795 0.00112013394367
0.785155864167 0.743842731052 0.00305539265652
0.897383539464 0.827969539448 0.0773511135931
0.811669810296 0.805551182765 0.0499142147608
0.812341347267 0.823838958324 0.0250387459557
0.789282609313 0.685227569579 0.0175647279086
0.644627677177 0.601565163327 0.0281582892555
0.835377346237 0.738466508782 0.0143271762307
0.682152430532 0.764369853346 0.12761176221
0.801516026636 0.792073044429 0.0581817237866
0.601848456581 0.619968613992 0.00960166092972
0.447927383826 0.527422539138 0.0087178635763
0.81666019057 0.715280677266 0.0129948260244
0.807607257951 0.679571279344 0.0210757424067
0.886691661509 0.834651527412 0.0158643262747
0.845048958437 0.817868510935 0.371626293666
0.892660363204 0.835426541702 0.00506531229348
0.453229570858 0.633096934558 0.0
0.758908381513 0.794688214548 0.003458891935
0.857034192678 0.746579152643 0.00317150993013
0.639034705366 0.60782890308 0.00260226089959
0.915262743736 0.832111660773 0.00352968029099
0.867110506636 0.828935562274 0.00368740739929
0.865127594001 0.84377757508 0.00271483279495
0.837657138921 0.812745480034 0.00261458767706
0.80759136256 0.792334981964 0.00217623167536
0.791053765799 0.80606732024 0.00257159334936
0.754777937022 0.80154453661 0.00225218987863
0.632441682152 0.48608643192 0.00239922358315
0.847078897902 0.818413931114 0.00224746193765
0.869003494643 0.832089273262 0.0026262562756
0.870877681476 0.834615665969 0.00181550871181
0.66489303765 0.689528648036 0.00360863720106
0.656459917746 0.720177415152 0.00271040983772
0.745436716518 0.48012480598 0.00734106008799
0.911381401009 0.814598537027 0.00736283650516
0.580273203449 0.794546621174 0.00435624715998
0.724380152277 0.684408866417 0.00459725045341
0.88241507633 0.842902501212 0.00216282308804
0.832014645124 0.811003277591 0.00389283741087
0.654576429601 0.788932569596 0.00202132666302
0.467153539176 0.726566306072 0.0013293032803
0.861438098389 0.821297390383 0.00328224435184
0.834509827609 0.746786165529 0.00200016169352
0.850526715075 0.833074019 0.00410660650264
0.855332750222 0.795248140597 0.00233204041564
0.869010388905 0.82148503278 0.00156381186579
0.930052704522 0.825576759537 0.00204777764108
0.84108812096 0.808002217345 0.00241984567112
0.870523409437 0.81198760537 0.0026309357885
0.398215877181 0.41130321613 0.003437021083
0.833917777441 0.620844461708 0.00537697234616
0.322721047963 0.686840901729 0.00184177487492
0.868091514945 0.739050833705 0.00100116858781
0.645187821768 0.796692344249 0.00268679914295
0.862409043244 0.806134236685 0.00503482104453
0.749621062247 0.725352944081 0.0042990979995
0.3764992166 0.499577159744 0.00118906486283
0.726293950012 0.81698556272 0.00356719154568
0.82805558862 0.783649910346 0.003168896249
0.825728612782 0.743747419437 0.00189602567389
0.715304874353 0.649817727586 0.00100879737544
0.823042016461 0.826165027804 0.00104431437547
0.767050062899 0.736991213705 0.0012615012357
0.77607961016 0.754066392904 0.00139036393221
0.827892511079 0.806678293351 0.00242738350976
0.824529559375 0.700319993789 0.00405617135684
0.824002668095 0.748810331646 0.0038221304026
0.113982132365
0.578172040257
0.750627652378 0.811283595422 0.00762944960173
0.910364003218 0.834959735817 0.000150461066546
0.867468809699 0.796429383233 0.00453737467508
0.779902729359 0.765791118866 0.00478148545867
0.589189757588 0.670177180005 0.00370130205493
0.748124264095 0.762369617746 0.000402847784674
0.73699464993 0.792859880825 0.00147640299212
0.894184640161 0.759068787551 0.00445331314413
0.845072705005 0.813911687766 0.00832184447246
0.821203924443 0.790508694085 0.0118638181462
0.785155864167 0.803246187788 0.0199191475492
0.897383539464 0.808146026266 0.180750124993
0.811669810296 0.823166692811 0.00881606767863
0.812341347267 0.816904735008 0.0134686354671
0.789282609313 0.705029359668 0.00819416021067
0.644627677177 0.675060801903 0.00834762825525
0.835377346237 0.709653369588 0.00861308429633
0.682152430532 0.795489241581 0.0142791641589
0.801516026636 0.714830180964 0.0112277809002
0.601848456581 0.679524891427 0.00582882747889
0.447927383826 0.532512979017 0.00644443691192
0.81666019057 0.693272566855 0.00570997953917
0.807607257951 0.710973892648 0.0113306462485
0.886691661509 0.821927610336 0.00731471354266
0.845048958437 0.79925697259 0.206003383386
0.892660363204 0.808716110399 0.0299534416959
0.453229570858 0.691857344405 0.0
0.758908381513 0.810235202059 0.00370084830182
0.857034192678 0.737398973308 0.00428904955761
0.639034705366 0.673372854687 0.00341563310481
0.915262743736 0.819522174372 0.00401844158968
0.867110506636 0.813229223682 0.00432003616012
0.865127594001 0.835719829938 0.00368037765822
0.837657138921 0.777310111398 0.00361081784499
0.80759136256 0.792551937627 0.00278254797912
0.791053765799 0.771263266846 0.00311742009436
0.754777937022 0.792458468734 0.00310817971862
0.632441682152 0.50019504531 0.00362382127013
0.847078897902 0.8134456267 0.00288896026493
0.869003494643 0.820963602645 0.00396032755159
0.870877681476 0.811333726 0.00331995555185
0.66489303765 0.724266779131 0.00428911554421
0.656459917746 0.69658615546 0.00588784109809
0.745436716518 0.656296852309 0.00800073093524
0.911381401009 0.818779951682 0.0108804764497
0.580273203449 0.813447806342 0.00895381822966
0.724380152277 0.675046652095 0.00590507326915
0.88241507633 0.82622680766 0.00600775962255
0.832014645124 0.83599050916 0.00679951570569
0.654576429601 0.790345690995 0.00702007626001
0.467153539176 0.791054993955 0.00599084799765
0.861438098389 0.814957131487 0.00680936484094
0.834509827609 0.711782985123 0.0107905992666
0.850526715075 0.836917600445 0.0133619939758
0.855332750222 0.778650522943 0.0107503248512
0.869010388905 0.786663397118 0.00975685922321
0.930052704522 0.796846702804 0.0106251130733
0.84108812096 0.818619094379 0.0141791417658
0.870523409437 0.836071150525 0.00754900183716
0.398215877181 0.570863467888 0.00748548585082
0.833917777441 0.586961691507 0.00799687865834
0.322721047963 0.732009199229 0.00976125222198
0.868091514945 0.759569364707 0.00959429746358
0.645187821768 0.801709594865 0.00812491013316
0.862409043244 0.809908689601 0.00944982031966
0.749621062247 0.801259582355 0.012007990492
0.3764992166 0.524336351838 0.0141128855431
0.726293950012 0.803792346069 0.0114046481266
0.82805558862 0.771150786448 0.0145117889321
0.825728612782 0.72661003578 0.0115506389992
0.715304874353 0.617892125627 0.00899598950636
0.823042016461 0.809556150485 0.00845950668677
0.767050062899 0.699111028851 0.0117690891846
0.77607961016 0.808137338069 0.0145025352679
0.827892511079 0.790262838483 0.0141671831065
0.824529559375 0.722978785016 0.0122288082139
0.824002668095 0.713519932548 0.0169626989915
