# resid_index #
x = [1, 2, 3, 4, 5, 6, 7, 8, 9, 10, 11, 12, 13, 14, 15, 16, 17, 18, 19, 20, 21, 22, 23, 24, 25, 26, 27, 28, 29, 30, 31, 32, 33, 34, 35]

# s2_predicted_LR #
y1 = [0.6384418447989992, 0.8334062959431285, 0.8378405896281069, 0.7191664900095447, 0.7365458088737709, 0.7888370941796452, 0.7411246293713825, 0.7001611273366437, 0.5760819907478065, 0.4414679112322862, 0.6439058726785942, 0.33313186611131523, 0.7868219267121075, 0.7640205236415312, 0.8714147236804146, 0.6801799803161701, 0.842158525403568, 0.6595779458962869, 0.7272586109951267, 0.4546374387498549, 0.6147569551434617, 0.5533953239333165, 0.8809345158553865, 0.7625756295645274, 0.8623443616119395, 0.8344813076011455, 0.9287273670112455, 0.8531697828337437, 0.7854116456526989, 0.8782824093406976, 0.8806280921395488, 0.8702216408227617, 0.8938667203413952, 0.7801421362731886, 0.7419864081349459]

# s2_predicted_RF #
y2 = [0.687312219075777, 0.6943661004795156, 0.7515849678392129, 0.737272282647221, 0.8215767126103718, 0.8406547656200991, 0.7320442379474265, 0.5354438267996616, 0.5802824532642813, 0.44293943184283274, 0.7270267881792141, 0.39061660969620277, 0.8274597611403195, 0.8495168769428717, 0.8256896273484794, 0.743287861905803, 0.8147754538284381, 0.7065477435031956, 0.7901595725588084, 0.6213587603259146, 0.4389705914690694, 0.6575388766479985, 0.8111771828274995, 0.7695437571854762, 0.8212293890370305, 0.8206622434641055, 0.8284779548099925, 0.7540985782143579, 0.780445131383023, 0.7927104332428201, 0.7959440351670449, 0.808788754716105, 0.7473585457168687, 0.7376609052621381, 0.6609796634337203]

# s2_measured #
y3 = [0.797367906216, 0.860580382116, 0.85834926324, 0.853475290909, 0.84357737211, 0.85192871712, 0.856036850328, 0.826133435015, 0.761739309437, 0.665135868177, 0.453229570858, 0.201521645996, 0.809433987834, 0.853889974207, 0.865520170334, 0.850794106766, 0.829504396303, 0.817513651735, 0.802298426107, 0.757504276967, 0.758665738462, 0.773312621189, 0.866488403225, 0.874876185351, 0.862149149714, 0.858208068062, 0.866965686516, 0.610199028269, 0.870025692183, 0.874797518299, 0.864267087396, 0.841471668278, 0.842565632659, 0.818741020547, 0.782915125881]

# s2_diff(measured - predicted_LR) #
y1 = [0.15892606141700072, 0.027174086172871426, 0.020508673611893125, 0.1343088008994553, 0.10703156323622909, 0.06309162294035475, 0.11491222095661757, 0.12597230767835632, 0.18565731868919344, 0.2236679569447138, -0.19067630182059425, -0.13161022011531523, 0.022612061121892513, 0.0898694505654688, -0.005894553346414644, 0.17061412644982987, -0.012654129100567957, 0.15793570583871308, 0.0750398151118733, 0.30286683821714505, 0.1439087833185383, 0.21991729725568354, -0.014446112630386532, 0.11230055578647258, -0.00019521189793947347, 0.023726760460854535, -0.06176168049524544, -0.2429707545647437, 0.08461404653030102, -0.00348489104169758, -0.016361004743548846, -0.028749972544761637, -0.051301087682395274, 0.03859888427381142, 0.04092871774605411]

# s2_diff (measured - predicted_RF) #
y2 = [0.11005568714022296, 0.16621428163648433, 0.10676429540078713, 0.11620300826177898, 0.02200065949962815, 0.011273951499900847, 0.12399261238057357, 0.2906896082153384, 0.18145685617271867, 0.22219643633416725, -0.2737972173212141, -0.18909496370020276, -0.018025773306319492, 0.004373097264128267, 0.03983054298552058, 0.107506244860197, 0.014728942474561912, 0.11096590823180441, 0.012138853548191553, 0.13614551664108532, 0.3196951469929306, 0.11577374454100153, 0.05531122039750047, 0.1053324281655238, 0.04091976067696956, 0.03754582459789446, 0.0384877317060075, -0.14389954994535792, 0.089580560799977, 0.0820870850561799, 0.06832305222895507, 0.03268291356189501, 0.09520708694213131, 0.08108011528486192, 0.12193546244727971]

s2_diff (predicted_LR - predicted_RF) = [-0.04887037427677776, 0.1390401954636129, 0.08625562178889401, -0.01810579263767631, -0.08503090373660094, -0.051817671440453905, 0.009080391423956002, 0.16471730053698208, -0.004200462516474768, -0.0014715206105465617, -0.08312091550061984, -0.05748474358488753, -0.040637834428212005, -0.08549635330134053, 0.04572509633193522, -0.06310788158963287, 0.02738307157512987, -0.04696979760690867, -0.06290096156368175, -0.16672132157605973, 0.17578636367439232, -0.10414355271468201, 0.069757333027887, -0.006968127620948783, 0.04111497257490904, 0.013819064137039927, 0.10024941220125294, 0.09907120461938579, 0.004966514269675981, 0.08557197609787748, 0.08468405697250392, 0.06143288610665665, 0.1465081746245266, 0.0424812310110505, 0.0810067447012256]



Measured/LR:
Kendalltau = 0.54621848739495782
p_value = 3.9221558516169741e-06
 
Measured/RF:
Kendalltau = 0.43529411764705866
p_value = 0.00023491263403676015
