0.196340069043
0.128498923495
0.131719624534
-0.118503646111
0.520908457625
0.496591558789
0.21164021164 0.113987483197
0.238095238095 0.0753896153251
0.280423280423 0.0362429682515
0.866888742353 0.812916305378 0.808438706558 0.794314534535 0.0539724369751 0.0584500357945 0.0725742078177 2.90241409465e-13 0.0 0.0
0.663374523735 0.782638036654 0.83199811408 0.825754350861 -0.119263512919 -0.168623590345 -0.162379827126 7.79988053312e-14 0.0 0.0
0.837140587325 0.880418057233 0.843889542637 0.836037135981 -0.0432774699083 -0.00674895531153 0.00110345134446 -5.48859460485e-14 0.0 0.0
0.862817029036 0.910872977824 0.706000788825 0.763800195688 -0.048055948788 0.156816240211 0.0990168333481 -7.987967926e-15 0.0 0.0
0.847453251849 0.73853116167 0.831875359267 0.823703333877 0.108922090179 0.0155778925819 0.0237499179718 4.36660256564e-14 0.0 0.0
0.129653316392 0.919666050632 0.436487184059 0.461048447319 -0.79001273424 -0.306833867667 -0.331395130927 2.33212971504e-14 0.0 0.0
0.892660363204 0.938392989985 0.745659101081 0.794493933187 -0.0457326267815 0.147001262123 0.0981664300171 -1.28501376206e-13 0.0 0.0
0.816278778372 0.685449705818 0.758249335706 0.768564163203 0.130829072554 0.0580294426661 0.0477146151694 4.28168785149e-14 0.0 0.0
0.791891808887 0.672418827085 0.849942694796 0.840351932375 0.119472981802 -0.0580508859093 -0.0484601234885 -4.65079363909e-15 0.0 0.0
0.752627770276 0.93453576588 0.748306845893 0.776519956693 -0.181907995604 0.00432092438271 -0.0238921864168 2.22252771742e-14 0.0 0.0
0.641307096019 0.687301990674 0.786371059589 0.798713588563 -0.0459948946553 -0.14506396357 -0.157406492544 1.61372651353e-14 0.0 0.0
0.810541740958 0.977037863237 0.826931354983 0.812944726794 -0.166496122279 -0.0163896140255 -0.0024029858356 0.0492614313307 0.538622980416 0.267171261379
0.705506941935 0.780561794211 0.828553152812 0.81540335061 -0.0750548522765 -0.123046210877 -0.109896408675 -0.0017769107775 0.0241182345918 0.00502952443021
0.7914537527 0.857130008927 0.829387846147 0.821452013841 -0.0656762562265 -0.0379340934465 -0.0299982611408 -0.000107318424555 0.00738141850773 0.00873603213812
0.853709358051 0.833746990941 0.833917801799 0.82517235485 0.0199623671095 0.019791556252 0.028537003201 -0.00188312136513 0.0153280669493 0.0058596195849
0.856210273866 0.738980882493 0.836501208623 0.825125256901 0.117229391373 0.019709065243 0.0310850169651 -0.00119575278211 0.000435667070073 0.000467066996118
0.831939731734 0.689679773532 0.763349096458 0.816861671899 0.142259958202 0.0685906352758 0.0150780598352 -0.000601771200327 0.0757466508084 0.0117623363182
0.868420875956 0.617247794384 0.813107114052 0.81631083275 0.251173081572 0.055313761904 0.0521100432056 -0.000470614394654 0.00342437701295 0.00361952758014
0.852128547068 0.69168455917 0.782777611796 0.780703608248 0.160443987898 0.0693509352722 0.0714249388203 -0.00144084966404 0.0224740385378 0.014852516649
0.379694775262 0.485890436051 0.44050086274 0.463527080344 -0.106195660789 -0.0608060874777 -0.083832305082 0.0508830194469 0.00138606179927 0.000981082968657
0.404472106329 0.403282796479 0.431574239934 0.464176396315 0.00118930984969 -0.0271021336051 -0.0597042899858 -0.0099960844522 0.00497889004326 0.00134907418339
0.854455359033 0.878965356303 0.695412862835 0.666868817017 -0.0245099972696 0.159042496198 0.187586542016 -0.0483406496103 0.000683945665856 0.00167764991456
0.735497377513 0.989558367042 0.740286094944 0.673374825501 -0.254060989529 -0.00478871743082 0.0621225520118 -0.00552386125822 0.00384430501763 0.00359537301853
0.819157747226 0.650387706704 0.829833191736 0.815027815759 0.168770040522 -0.0106754445097 0.00412993146726 0.0525038822046 0.000524362743671 0.00141066440277
0.853713527138 0.811940149355 0.708698276659 0.665621901542 0.041773377783 0.145015250479 0.188091625596 0.0337491349053 0.0126181715499 0.0143444853863
0.606358477041 0.702759846527 0.439438823736 0.466482576101 -0.0964013694861 0.166919653305 0.13987590094 0.0743722808523 0.000691040272248 0.00141658293859
0.38754911116 0.656407820814 0.777788532553 0.791593920334 -0.268858709654 -0.390239421393 -0.404044809174 9.29811783124e-16 0.0 0.0
0.652378973087 0.717822886907 0.680764617379 0.591514239415 -0.0654439138205 -0.0283856442924 0.0608647336722 0.250963070281 0.00268860016358 0.00111339305514
