0.130730141187
0.44510186145
0.750627652378 0.884550989328 0.0341185558489
0.910364003218 0.869846712271 -0.00589604199268
0.867468809699 0.842244809773 -0.00464977490657
0.779902729359 0.773383754633 -0.00138471244875
0.589189757588 0.665198222821 0.000291669929518
0.748124264095 0.854309892853 -0.00978415229171
0.73699464993 0.864684620816 -0.0126955441386
0.894184640161 0.81473909689 0.0125308645239
0.845072705005 0.781658851573 -0.0325437125586
0.821203924443 0.758895458837 0.0126900260542
0.785155864167 0.824947965957 0.00732282198038
0.897383539464 0.762322894076 0.0352616595976
0.811669810296 0.893438361703 9.80297444386e-06
0.812341347267 0.798312781388 -5.91601780382e-06
0.789282609313 0.821851878113 -2.37562544262e-05
0.644627677177 0.641501450409 0.00231024947453
0.835377346237 0.730892585739 -0.000111029463507
0.682152430532 0.797580778144 0.000109411925905
0.801516026636 0.634003435875 -0.000254779220714
0.601848456581 0.572113569749 -0.004357999283
0.447927383826 0.612482480448 -0.00587717074668
0.81666019057 0.771005923434 -0.00399852309056
0.807607257951 0.68291410979 -0.00274514119558
0.886691661509 0.856296923737 -0.00515637094502
0.845048958437 0.703943224462 0.0337314625813
0.892660363204 0.791989219429 0.000132027294285
0.453229570858 0.69268814701 -1.70002900646e-16
0.758908381513 0.713918815291 0.0521160338206
0.857034192678 0.801959937504 -0.0495663949295
0.639034705366 0.746870474837 0.0270510373186
0.915262743736 0.960094826941 -0.115552429994
0.867110506636 0.795564910914 0.157414835889
0.865127594001 0.915226075847 -0.0810167112747
0.837657138921 0.777697209635 0.0331623063705
0.80759136256 0.788510152681 0.0446207963424
0.791053765799 0.747787552493 -0.0109795335375
0.754777937022 0.858507217447 -0.0666649656016
0.632441682152 0.516617829769 -0.0554267150786
0.847078897902 0.783298948201 0.0291860083877
0.869003494643 0.721143733359 0.10950037764
0.870877681476 0.769104097636 0.0430147706442
0.66489303765 0.758028695633 -0.0234600072212
0.656459917746 0.756971761545 -0.0843863565943
0.745436716518 0.65053252321 0.0352508465995
0.911381401009 0.877837139744 -0.063186880564
0.580273203449 0.752097318614 -0.0247642083311
0.724380152277 0.740548960861 0.0193410759351
0.88241507633 0.772478754747 0.0266474954155
0.832014645124 0.801726637592 0.0644801575051
0.654576429601 0.810684176907 -0.0368890436934
0.467153539176 0.721034048942 0.077783849898
0.861438098389 0.7928344692 -0.118467016142
0.834509827609 0.633759602365 -0.0172120859156
0.850526715075 0.813008767734 0.0804986170118
0.855332750222 0.841307853062 -0.0316985751047
0.869010388905 0.699434067082 0.0144629586303
0.930052704522 0.810185576518 -0.0285076887185
0.84108812096 0.834572122485 0.0351049535288
0.870523409437 0.90555723078 0.0371854799759
0.398215877181 0.687067069921 -0.098941888692
0.833917777441 0.589212618205 0.0753659559452
0.322721047963 0.729775278385 -0.0306971402779
0.868091514945 0.77450664952 -0.0684670816316
0.645187821768 0.812295362805 0.189860559134
0.862409043244 0.810028381778 -0.0518800961849
0.749621062247 0.882821551649 -0.0758360125609
0.3764992166 0.573618359598 -0.0704999880866
0.726293950012 0.800302060086 0.126115616332
0.82805558862 0.726568820802 -0.0191420786502
0.825728612782 0.584335124834 -0.120100593249
0.715304874353 0.599631419261 0.113943826953
0.823042016461 0.843503684824 0.260273815873
0.767050062899 0.687999316445 -0.356831699661
0.77607961016 0.925993143043 0.222981997813
0.827892511079 0.764622357837 -0.149491755237
0.824529559375 0.757593174233 0.111038909965
0.824002668095 0.733468333176 -0.161189818829
0.0980153483239
0.688075144341
0.750627652378 0.778759220261 0.000879036918657
0.910364003218 0.843800855984 5.86205387277e-06
0.867468809699 0.82495398106 0.000562231423295
0.779902729359 0.785988120381 0.000648816031249
0.589189757588 0.651018360677 0.000232662603538
0.748124264095 0.785578193383 6.04285839507e-05
0.73699464993 0.780651926783 4.74480240119e-05
0.894184640161 0.779798919539 0.00184670825256
0.845072705005 0.838668587408 0.00267616401358
0.821203924443 0.82354746042 0.0010838832611
0.785155864167 0.751078588659 0.00299723702917
0.897383539464 0.827353390397 0.0753520804999
0.811669810296 0.809519902885 0.052005151364
0.812341347267 0.821560742483 0.0253413447017
0.789282609313 0.679399463068 0.0170719276298
0.644627677177 0.600467931656 0.0278170126259
0.835377346237 0.739839614566 0.0156746217005
0.682152430532 0.766630795568 0.130741748617
0.801516026636 0.788003122739 0.0589288103311
0.601848456581 0.620753529092 0.00938746770081
0.447927383826 0.540364578607 0.00830376106096
0.81666019057 0.710253635973 0.0136050546415
0.807607257951 0.672879897569 0.020890729007
0.886691661509 0.837070841901 0.0159196641254
0.845048958437 0.819772830461 0.368733397598
0.892660363204 0.834557669354 0.00485819027897
0.453229570858 0.639222378243 0.0
0.758908381513 0.7931407013 0.00333698104069
0.857034192678 0.741509099623 0.00291380344391
0.639034705366 0.607602496621 0.00245704726498
0.915262743736 0.82937630218 0.00376111326837
0.867110506636 0.828290049353 0.00381772739533
0.865127594001 0.847545650355 0.00275996880299
0.837657138921 0.81112337294 0.00234088474308
0.80759136256 0.793914362179 0.00211963156943
0.791053765799 0.8016606517 0.00225728104626
0.754777937022 0.802696866234 0.00278873248129
0.632441682152 0.483676694807 0.00279313766966
0.847078897902 0.818117347679 0.00173160719221
0.869003494643 0.831270489695 0.00196553478873
0.870877681476 0.834150327369 0.00158156131654
0.66489303765 0.683241171223 0.00329329852159
0.656459917746 0.725239598328 0.00305507720349
0.745436716518 0.498247654398 0.00511730065762
0.911381401009 0.814067185207 0.00892986330716
0.580273203449 0.795250474648 0.00397892525124
0.724380152277 0.684365971618 0.00359407369301
0.88241507633 0.840279147754 0.00156190070094
0.832014645124 0.812034154199 0.00301413389137
0.654576429601 0.787455877259 0.00186911556164
0.467153539176 0.723227768392 0.00133061066275
0.861438098389 0.821510665212 0.00279620135788
0.834509827609 0.745329319313 0.00217077813677
0.850526715075 0.827820652079 0.00391091650926
0.855332750222 0.798059821729 0.00512036278861
0.869010388905 0.822181882026 0.00160339744916
0.930052704522 0.824692563794 0.00157424870339
0.84108812096 0.807789347395 0.00268876887135
0.870523409437 0.813568166397 0.00275192991436
0.398215877181 0.412598615278 0.00352818912037
0.833917777441 0.62681077398 0.00297336164377
0.322721047963 0.675929839024 0.00209339698309
0.868091514945 0.734018999268 0.00120499364046
0.645187821768 0.794570797096 0.00356110956003
0.862409043244 0.807122617678 0.00574942766944
0.749621062247 0.734652638267 0.00299922108222
0.3764992166 0.503057792319 0.00157782214401
0.726293950012 0.818310587025 0.00362955109901
0.82805558862 0.780851724074 0.00293704858763
0.825728612782 0.745168845185 0.00165212093992
0.715304874353 0.647083964934 0.000926091210113
0.823042016461 0.825724618773 0.000952462690824
0.767050062899 0.742427005898 0.00124180386884
0.77607961016 0.754747136841 0.00149604943794
0.827892511079 0.80681306507 0.0035844320793
0.824529559375 0.695593457067 0.00419240900436
0.824002668095 0.753645465742 0.00504315395654
0.114297880307
0.575831747308
0.750627652378 0.807819950154 0.0073206198838
0.910364003218 0.835789022658 0.000134586135753
0.867468809699 0.801577528095 0.00413537554311
0.779902729359 0.764017384852 0.00533066770893
0.589189757588 0.672197135194 0.00342852166398
0.748124264095 0.762076108816 0.000462838261853
0.73699464993 0.793431488713 0.00148801223723
0.894184640161 0.756934480212 0.0045065145097
0.845072705005 0.818373152459 0.00780771916902
0.821203924443 0.7886093497 0.011746214021
0.785155864167 0.799008270095 0.0210708945959
0.897383539464 0.811295158602 0.176486612644
0.811669810296 0.821919716138 0.00792581502022
0.812341347267 0.815017982654 0.0129658895782
0.789282609313 0.699060385402 0.00774372763418
0.644627677177 0.669843290658 0.00858206271187
0.835377346237 0.708996148083 0.00898010612424
0.682152430532 0.792719733957 0.0148072791461
0.801516026636 0.708846681084 0.0105792007405
0.601848456581 0.68375499034 0.00659596342712
0.447927383826 0.534020389224 0.00572463851597
0.81666019057 0.68424896943 0.00593932455746
0.807607257951 0.717814574376 0.0116962436806
0.886691661509 0.819619093351 0.00707817418052
0.845048958437 0.801175961408 0.197092422727
0.892660363204 0.806818575977 0.0300337453243
0.453229570858 0.688082062824 0.0
0.758908381513 0.808235993444 0.00375206233219
0.857034192678 0.737303455644 0.00417164914194
0.639034705366 0.676147650609 0.00346478245732
0.915262743736 0.820924692165 0.00386063941468
0.867110506636 0.812946389163 0.004228393254
0.865127594001 0.835224033262 0.0040386242449
0.837657138921 0.780481969447 0.00363110765478
0.80759136256 0.796065620332 0.00269673471527
0.791053765799 0.764708782378 0.00295153910786
0.754777937022 0.791349760485 0.0033137419336
0.632441682152 0.496218224396 0.00296997276511
0.847078897902 0.81541790348 0.00340665495772
0.869003494643 0.822066228155 0.00372851880339
0.870877681476 0.809485727561 0.00413121588439
0.66489303765 0.721729086081 0.00416753400681
0.656459917746 0.695655794035 0.00602850251529
0.745436716518 0.647441183801 0.0101853169404
0.911381401009 0.821770347212 0.00931974495772
0.580273203449 0.814764082103 0.0109592731351
0.724380152277 0.68261066676 0.00808871891616
0.88241507633 0.825361804058 0.00810955999507
0.832014645124 0.834802921205 0.00629580305298
0.654576429601 0.79457712657 0.00684252762723
0.467153539176 0.793360667698 0.0075708515528
0.861438098389 0.814457064744 0.0111602455017
0.834509827609 0.70825587643 0.0107655896093
0.850526715075 0.836654858837 0.0109538356946
0.855332750222 0.780044267562 0.00711412410136
0.869010388905 0.783342695341 0.0110493622282
0.930052704522 0.800952481507 0.0113745022205
0.84108812096 0.821828454911 0.011821154052
0.870523409437 0.83777079674 0.0100543667262
0.398215877181 0.567800662958 0.00706543885094
0.833917777441 0.589516293156 0.00693158151829
0.322721047963 0.738609387978 0.00993120158685
0.868091514945 0.757526807105 0.00744875830315
0.645187821768 0.797798366075 0.0104437288059
0.862409043244 0.807027268357 0.0136775418876
0.749621062247 0.803200433825 0.0117978501759
0.3764992166 0.515856182965 0.0125453062269
0.726293950012 0.805615025563 0.0133444497741
0.82805558862 0.767406701983 0.0108827887824
0.825728612782 0.724577277684 0.00912733760122
0.715304874353 0.610486192625 0.010602976704
0.823042016461 0.808774468028 0.00979104193242
0.767050062899 0.702041498788 0.013180529506
0.77607961016 0.807193927316 0.0170505713762
0.827892511079 0.789631736352 0.0129174638201
0.824529559375 0.723671646037 0.01554511255
0.824002668095 0.709329823946 0.0158465013543
