0.182577989096
0.137427413023
0.143583844976
-0.014300601549
0.425332566016
0.372691745884
0.259649122807 0.000904060814734
0.369122807018 2.38088170385e-06
0.377543859649 1.3950507853e-06
0.856468606649 0.881188124418 0.800244332762 0.802815953306 -0.0247195177693 0.0562242738869 0.0536526533432 -3.58708031536e-11 0.0 0.0
0.635765388128 0.884827405214 0.786087673819 0.778474668423 -0.249062017086 -0.150322285691 -0.142709280295 567067891.026 0.0 0.0
0.601848456581 0.763018384576 0.717476491933 0.7212522243 -0.161169927995 -0.115628035352 -0.119403767719 -29947690.3533 0.0 0.0
0.825984225681 0.975714549422 0.82633053597 0.816089359274 -0.149730323741 -0.00034631028911 0.0098948664074 5346087.66724 0.0 0.0
0.84822100404 0.839701682329 0.795856404255 0.803995559542 0.00851932171082 0.052364599785 0.0442254444977 -131406278.53 0.0 0.0
0.59566159219 0.580738425255 0.633329295644 0.613413362916 0.0149231669352 -0.037667703454 -0.0177517707262 43153031.2386 0.0 0.0
0.666899184244 0.913451567292 0.819514432289 0.815468858757 -0.246552383048 -0.152615248045 -0.148569674513 -3146371.97174 0.0 0.0
0.822728202034 0.787912532687 0.800948090771 0.79906060714 0.0348156693468 0.0217801112633 0.0236675948937 -175092.475887 0.00118199145546 0.00724260276869
0.847416055997 0.943367764354 0.764277337118 0.77084892269 -0.0959517083568 0.0831387188787 0.0765671333071 1988703.20896 0.0 0.0
0.82795046944 0.823227837682 0.772278305236 0.76926740851 0.00472263175823 0.0556721642035 0.05868306093 -175092.478913 0.000634339556077 0.0059852192245
0.869696421108 0.730359658599 0.790129581195 0.787216205523 0.139336762509 0.0795668399127 0.0824802155855 -567615.15286 0.0 0.0
0.830458157783 0.831788673997 0.830197975753 0.826427679492 -0.00133051621393 0.000260182029859 0.00403047829081 0.0645140796551 0.0192003176933 0.0616517189844
0.901130851567 0.704347282648 0.799100099503 0.785155939957 0.196783568919 0.102030752064 0.11597491161 0.00012195110321 0.0337469902438 0.0127394707729
0.874642977892 0.678882405162 0.797432036332 0.79756673336 0.19576057273 0.0772109415597 0.0770762445318 -0.000106275081635 0.00990927006347 0.0136712059323
0.789171657502 0.723258435726 0.737390390005 0.710082326339 0.0659132217758 0.0517812674973 0.0790893311634 -0.000999710988253 0.0135962690179 0.00686120879571
0.849219260712 0.819982171059 0.800537793874 0.798846630023 0.0292370896533 0.0486814668383 0.0503726306886 -0.00121047400171 0.0402381752498 0.010980472217
0.746486657166 0.686148539186 0.756280713605 0.739751016824 0.0603381179805 -0.00979405643884 0.00673564034163 7.39842653275e-05 0.02268163824 0.00618150777697
0.826447926603 0.425294756889 0.723213920751 0.72947810805 0.401153169714 0.103234005852 0.0969698185529 -7.60965049267e-05 0.0253002924888 0.00556397759807
0.195289032552 0.399983137846 0.484602030538 0.526351903532 -0.204694105294 -0.289312997986 -0.33106287098 -0.000175774097443 0.0281472566981 0.00845804825562
0.846256226026 0.772011145949 0.792816852207 0.802938764739 0.0742450800766 0.0534393738191 0.0433174612873 -0.0260181389749 0.0111777962982 0.00651881942549
0.143152438769 0.377315193415 0.477981101986 0.52482672847 -0.234162754646 -0.334828663217 -0.381674289701 -0.0139790140092 0.0168084167968 0.00849039943757
0.864561668632 0.958055570722 0.805055367911 0.825567837126 -0.0934939020896 0.059506300721 0.0389938315062 -0.00209228089079 0.0120499869312 0.00787464794948
0.812831770957 0.921225607395 0.777102421526 0.768942973089 -0.108393836438 0.0357293494313 0.0438887978676 -0.000976517796516 0.0212601573786 0.00788315086131
0.859966732948 0.782755628228 0.755664880726 0.770011505397 0.0772111047198 0.104301852222 0.0899552275514 -0.0146812275052 0.00571745170308 0.00364618071642
0.854245934524 0.709990009665 0.745374950419 0.745800318895 0.144255924859 0.108870984105 0.108445615629 0.027876023727 0.169521750167 0.10509857606
0.861892620068 0.907367736101 0.85471637813 0.835705191491 -0.0454751160332 0.00717624193847 0.0261874285773 0.0152039007517 0.00747610015851 0.0177859656262
0.867381058611 0.73363378644 0.794790953981 0.790249213366 0.133747272171 0.0725901046302 0.077131845245 -3258.82691983 0.0 0.0
0.851782757887 0.980279952288 0.832761899803 0.82415755326 -0.128497194401 0.0190208580835 0.0276252046272 0.121332947805 0.00877800207944 0.00944475527144
0.89067736004 0.781288355589 0.753507476531 0.775629487728 0.109389004451 0.137169883509 0.115047872312 -0.16190841957 0.0137444700937 0.0133634539928
0.776960476954 0.759507268667 0.777698707258 0.792952270814 0.0174532082868 -0.000738230304437 -0.0159917938595 -0.031334444473 0.0139098231885 0.0073395905382
0.907279753627 0.866420567036 0.768831785295 0.773447509676 0.0408591865913 0.138447968332 0.133832243951 -0.0233295156504 0.0395848749382 0.0108164592471
0.290824878215 0.702390685678 0.726508649545 0.736880451155 -0.411565807463 -0.43568377133 -0.44605557294 0.253695863241 0.00480958984398 0.0061395226126
0.831159343942 0.749130964279 0.795537823109 0.791392400489 0.0820283796628 0.0356215208335 0.0397669434533 0.0364483338199 0.0144811773869 0.00833947313554
0.293140962958 0.595021769404 0.61051648231 0.66408935384 -0.301880806446 -0.317375519352 -0.370948390882 -0.0498798252665 0.00700647696285 0.00591746693343
0.808108206365 0.911858558655 0.797772428754 0.787188937938 -0.10375035229 0.0103357776111 0.0209192684275 -0.222981451894 0.00377646600367 0.00583688234361
0.751672674578 0.867706686258 0.818924347187 0.808791869339 -0.11603401168 -0.0672516726087 -0.0571191947609 0.293992641731 0.00440038264559 0.00820201686555
0.837896130702 0.886351779103 0.793726920792 0.799592295836 -0.0484556484013 0.0441692099101 0.0383038348663 -0.190827449784 0.00706405144489 0.0101516625068
0.848315937102 0.768729418516 0.832117783642 0.819786537914 0.0795865185858 0.01619815346 0.0285293991878 -0.240696147608 0.0037778617406 0.0109957004852
0.09836708222 0.483583033085 0.677877719526 0.712928475528 -0.385215950865 -0.579510637306 -0.614561393308 0.294895741274 0.00503866881554 0.011944596882
0.867006722154 0.943629473448 0.769592513603 0.782119878028 -0.0766227512938 0.097414208551 0.0848868441265 -0.126971849008 0.00997277282175 0.0152101291456
0.743579205212 0.48458173871 0.703419547425 0.728764848902 0.258997466502 0.0401596577873 0.0148143563101 0.0435098462622 0.00404323732542 0.0186634220336
0.677108787922 0.538678869605 0.647278445959 0.628639521176 0.138429918317 0.0298303419633 0.0484692667464 -0.124538197822 0.00256398847708 0.0107665998108
0.645187821768 0.66664353013 0.788320482172 0.785503680145 -0.0214557083624 -0.143132660404 -0.140315858377 0.147950852232 0.00311359828242 0.00940235142503
0.865643788968 0.793250054121 0.773104603565 0.767643446125 0.072393734847 0.0925391854031 0.0980003428434 0.00583915709285 0.00669680489026 0.0076216089933
0.743060050088 0.858984827995 0.784180052583 0.809427956831 -0.115924777907 -0.0411200024948 -0.066367906743 -0.0499612691929 0.00393873702168 0.00815031328692
0.875119436555 0.902377560735 0.833535999554 0.831330937705 -0.0272581241797 0.0415834370007 0.0437884988499 0.101578860485 0.00512624116582 0.00773248576147
0.73699464993 0.871652022004 0.773824005525 0.79104882639 -0.134657372074 -0.0368293555954 -0.0540541764596 -0.26554932748 0.00347082517694 0.0058499888777
0.751836586228 0.71637712419 0.783846492855 0.79323839537 0.0354594620377 -0.032009906627 -0.0414018091424 0.075493675773 0.00269336786635 0.00867341196589
0.739874707334 0.695022821426 0.740834632521 0.743672220814 0.0448518859076 -0.000959925186884 -0.00379751348023 -0.195403370424 0.0175492935808 0.0198963638015
0.845980817687 0.683374986053 0.831468334483 0.820253349024 0.162605831634 0.0145124832036 0.0257274686632 0.089102862752 0.00457380158347 0.0141636022281
0.892756857577 0.696456328034 0.757757468352 0.76799830488 0.196300529543 0.134999389225 0.124758552697 0.112006154086 0.0113734416182 0.017680652382
0.821399346223 0.66855661571 0.787123099426 0.783531045976 0.152842730513 0.0342762467974 0.0378683002467 -0.172939970216 0.0138428453157 0.0099060215345
0.699136357522 0.844318076968 0.842015353472 0.837845432113 -0.145181719446 -0.14287899595 -0.138709074591 0.574023495254 0.0100827725009 0.0117123533024
0.842747092177 0.779188022017 0.792990614368 0.826546101683 0.0635590701595 0.0497564778086 0.016200990494 -0.638088992564 0.010453260525 0.00796009662072
0.780614829242 0.651624679565 0.79713209775 0.790786436979 0.128990149677 -0.0165172685081 -0.010171607737 0.365160926362 0.0114206285189 0.00963896496978
0.759618644478 0.632750943303 0.752439944794 0.753296267239 0.126867701175 0.00717869968434 0.00632237723949 0.270737708954 0.00680694539505 0.00866424827528
0.704140261266 0.40975086391 0.761607548527 0.764141019652 0.294389397356 -0.0574672872613 -0.0600007583859 -0.190673106757 0.00226080337279 0.00661215767783
0.652229273358 0.562600269914 0.645019069135 0.619016439582 0.0896290034443 0.00721020422284 0.0332128337757 -0.208962386358 0.00342648296005 0.00731163599397
0.33218033855 0.707008957863 0.703999467514 0.6890310255 -0.374828619313 -0.371819128964 -0.35685068695 0.398716400086 0.00901602629847 0.00992122486168
0.745989630374 0.693872869015 0.786990677522 0.781138499166 0.0521167613593 -0.0410010471479 -0.0351488687924 -0.298182189348 0.00193964835602 0.00605311316737
0.8523181086 0.91513466835 0.810665465344 0.818226484816 -0.0628165597502 0.0416526432558 0.0340916237845 -0.0219596067909 0.004404324095 0.00844421816074
0.830912110439 0.749053686857 0.783598412656 0.786602711987 0.0818584235818 0.0473136977829 0.0443093984517 0.421523117751 0.0171501607332 0.0136637819787
0.426342700898 1.08715231717 0.762144892057 0.775871935881 -0.660809616268 -0.335802191159 -0.349529234983 -0.111235218763 0.00237521131405 0.0101606473751
0.66489303765 0.814958050847 0.738507573639 0.753610687264 -0.150065013197 -0.0736145359892 -0.0887176496143 -0.776230878022 0.00747027649294 0.0131740348172
0.862650338333 0.677503824234 0.833137268199 0.82435590643 0.185146514099 0.0295130701337 0.0382944319027 0.34128226724 0.00561669116094 0.0117508932174
0.861432395533 0.881894290447 0.824299213237 0.8182648837 -0.0204618949142 0.0371331822964 0.0431675118333 0.174756083637 0.00332626756322 0.0139968364709
0.901905686255 0.893423318863 0.791183913776 0.812234898092 0.00848236739208 0.110721772479 0.0896707881632 0.224219923111 0.0153351740673 0.0197742707636
0.741599035656 0.710518687963 0.748534449006 0.738708285268 0.0310803476925 -0.00693541334978 0.00289075038765 0.255668432976 0.0221734963414 0.0190224662851
0.67139673069 0.65502654016 0.766463739408 0.747272434647 0.0163701905298 -0.0950670087176 -0.075875703957 -0.203027816082 0.0216612897978 0.0245818178904
0.867206635447 1.05841965973 0.764308831043 0.795277861753 -0.191213024287 0.102897804404 0.0719287736941 -0.533367543714 0.031855001029 0.032954469749
0.707664477372 0.814516305923 0.779671434501 0.77175178079 -0.106851828551 -0.072006957129 -0.0640873034175 -0.0925073933904 0.0382258268687 0.0312394775035
0.835837478036 0.389483436942 0.72976431599 0.727399842009 0.446354041094 0.106073162046 0.108437636027 0.348663840239 0.0148839505542 0.0324507388725
0.398519810645 0.200728625059 0.485569046167 0.527133912068 0.197791185586 -0.0870492355225 -0.128614101423 -0.102671076253 0.0210178688246 0.0265128040066
0.807154098802 1.08319498599 0.772468341435 0.801563234379 -0.276040887184 0.034685757367 0.00559086442287 0.202673107211 0.00844278069752 0.0252663211289
0.800096395735 1.0181003511 0.771256684532 0.775919615363 -0.21800395536 0.0288397112034 0.0241767803723 0.0113995573483 0.0189000929592 0.0220936202832
0.818057204622 0.765186995268 0.826253061672 0.7985593368 0.0528702093541 -0.00819585705034 0.0194978678221 -0.526815087884 0.0195212089843 0.0299503715178
