0.258657189127
0.124318395076
0.11943881663
-2.15023784557
0.272278800165
0.328284730376
0.298778230285 0.000165846627077
0.406886338393 2.91683383675e-07
0.465383191411 4.46199241889e-09
0.671696121785 0.451580286026 0.617468516408 0.63506350286 0.220115835759 0.0542276053773 0.0366326189249 -4620680221.45 0.0 0.0
0.49244675259 0.394420266151 0.432603308222 0.406844822475 0.0980264864386 0.0598434443679 0.0856019301155 9269697197.9 0.0 0.0
0.830015354782 0.644565105438 0.772905386982 0.766779129702 0.185450249344 0.0571099678 0.0632362250797 1736631223.22 0.0 0.0
0.806696144196 0.744441151619 0.787797445266 0.770778818266 0.062254992577 0.0188986989295 0.0359173259297 1039533167.09 0.0 0.0
0.849064818472 1.13323438168 0.705350202431 0.718387757676 -0.284169563204 0.143714616041 0.130677060796 -1756929359.61 0.0 0.0
0.237307368923 0.54768717289 0.364545264333 0.366642656058 -0.310379803967 -0.12723789541 -0.129335287135 1140888926.74 0.0 0.0
0.892921135607 0.828230023384 0.807315231885 0.790928212056 0.0646911122229 0.0856059037218 0.101992923551 452026308.94 0.0 0.0
0.834918094204 0.671362876892 0.740323974002 0.729455077687 0.163555217312 0.0945941202021 0.105463016517 69215481.7481 0.0 0.0
0.883364174988 1.16865301132 0.75645435425 0.777184436635 -0.285288836334 0.126909820738 0.106179738353 2338191.09984 0.00130754390978 0.0080213063955
0.825380286061 0.943259119987 0.775541750323 0.76844086444 -0.117878833926 0.0498385357383 0.0569394216206 -838015.121381 0.0 0.0
0.851711517786 1.15940141678 0.7788607413 0.789905156909 -0.307689898993 0.0728507764861 0.0618063608767 2338191.03397 0.00098220761221 0.00989969384924
0.672875904527 0.351006031036 0.542693173923 0.554679285251 0.321869873491 0.130182730604 0.118196619276 0.0843315105885 0.00925109765133 0.0409741741034
0.761653846319 0.691549420357 0.724877045094 0.718735560979 0.0701044259622 0.0367768012253 0.0429182853398 -0.000184059143066 0.0226029042032 0.00500746662434
0.648696034398 0.523072719574 0.766036922388 0.749423142988 0.125623314824 -0.11734088799 -0.10072710859 0.000222980976105 0.0194398502743 0.0171557866954
0.848501766158 0.770203828812 0.793340538661 0.776119202488 0.0782979373464 0.0551612274972 0.0723825636702 -0.000399820506573 0.00650885802489 0.00336822240858
0.851832144277 0.445845842361 0.735569551052 0.740671745777 0.405986301916 0.116262593225 0.1111603985 0.00419986993074 0.00638253929872 0.00574806312676
0.714281463048 0.120297551155 0.508902061614 0.515180922226 0.593983911893 0.205379401434 0.199100540822 -0.000509262084961 0.0511566531324 0.0074015909172
0.385951090283 0.55854177475 0.491865910871 0.472153066154 -0.172590684467 -0.105914820588 -0.0862019758711 0.000503540039062 0.0360841472174 0.00407732675267
0.813113279479 1.02275967598 0.551008590543 0.603158273126 -0.209646396501 0.262104688936 0.209955006353 -0.000465087592602 0.0407439814557 0.0117401297466
0.846427379467 0.883124828339 0.691823052595 0.683985249717 -0.0366974488716 0.154604326872 0.16244212975 -0.0220066159964 0.00472950746553 0.00953863810418
0.811596240983 1.02645587921 0.789301300266 0.795557366119 -0.214859638228 0.0222949407166 0.016038874864 0.0126186311245 0.00270169851841 0.0077903458585
0.792075897846 0.412489295006 0.548613141431 0.535591731498 0.37958660284 0.243462756415 0.256484166348 0.00245378911495 0.00500171378032 0.00377983064215
0.869010388905 0.296722054482 0.765863794477 0.767135105537 0.572288334423 0.103146594428 0.101875283368 -0.0375516563654 0.00974320363132 0.0118948532969
0.843370191456 0.503462553024 0.800659085503 0.786085466434 0.339907638432 0.0427111059533 0.0572847250224 -0.0596249699593 0.00749797611605 0.00803003231726
0.741288375134 0.52369093895 0.711526208792 0.705667685421 0.217597436184 0.0297621663419 0.0356206897126 -0.0112929418683 0.0927972097869 0.0937948696195
0.593177042242 0.365218877792 0.698593320693 0.678939053327 0.22795816445 -0.105416278451 -0.0857620110854 0.00294968485832 0.00561452212567 0.0109213164451
0.858560675874 0.859909176826 0.757711765645 0.768925214256 -0.00134850095248 0.100848910229 0.0896354616183 101205.731205 0.0 0.0
0.84989686141 0.910050153732 0.733408532196 0.753856983476 -0.0601532923223 0.116488329214 0.0960398779341 0.0483848787844 0.00880169884846 0.00665603307736
0.838585319164 0.789219737053 0.745427581167 0.751903362283 0.0493655821111 0.0931577379971 0.0866819568811 -0.0980708850548 0.00528182018172 0.00306539419467
0.622356268878 0.319303274155 0.546818758054 0.576437538634 0.303052994723 0.0755375108244 0.0459187302441 0.21397058107 0.00862740819332 0.00542807186511
0.850516634383 0.820724129677 0.773998094513 0.781203068381 0.0297925047062 0.0765185398698 0.0693135660025 -0.359684595838 0.00709428445252 0.00734363703507
0.424683395663 0.834043502808 0.663394693486 0.654366151793 -0.409360107145 -0.238711297823 -0.22968275613 0.342220718041 0.00829976811211 0.00728594588775
0.555572228156 0.729391217232 0.765336528785 0.767107806102 -0.173818989076 -0.209764300629 -0.211535577946 -0.274967173114 0.014096970411 0.0103836125411
0.720134378141 0.856568217278 0.601033206659 0.605926732942 -0.136433839137 0.119101171482 0.114207645199 0.287128819153 0.0067105684873 0.00511487112566
0.722082122961 0.372973680496 0.787158883538 0.772714833175 0.349108442465 -0.0650767605769 -0.0506327102143 -0.0411712899804 0.0036049773611 0.0071266534862
0.835007720872 0.614725828171 0.767626813027 0.740910924653 0.220281892701 0.0673809078451 0.0940967962188 -0.047210464254 0.0102390534609 0.0104695542809
0.83895648679 0.376915097237 0.672028812748 0.737381733264 0.462041389553 0.166927674042 0.101574753526 0.294954481535 0.00835309937896 0.01049321378
0.807980407878 0.875930070877 0.750049875264 0.747513467471 -0.0679496629991 0.0579305326141 0.0604669404069 -0.295018507168 0.00675932415859 0.00775366490794
0.792388775631 1.03238904476 0.484099129318 0.487715214919 -0.240000269131 0.308289646313 0.304673560712 -0.154341756366 0.0072951946889 0.0049277652389
0.789833458724 1.09367251396 0.681799157093 0.702902697678 -0.303839055238 0.108034301631 0.0869307610459 -0.0724914707243 0.00908105285251 0.00852042651099
0.884873454147 0.917020797729 0.786829795899 0.79000281 -0.0321473435825 0.0980436582478 0.0948706441465 -0.0236681010574 0.005071818158 0.00620646735941
0.698343952492 0.588329434395 0.734264994964 0.748930574547 0.110014518097 -0.035921042472 -0.0505866220554 0.192809166387 0.00377283993825 0.00623687314311
0.759154886 0.952649831772 0.734923601616 0.730038552706 -0.193494945772 0.0242312843844 0.0291163332936 0.0322408601642 0.00351615030981 0.00986808626194
0.845060798027 0.652648568153 0.776863742157 0.771062145621 0.192412229874 0.0681970558698 0.073998652406 1.11359581165 0.00260473703176 0.00506880260077
0.659743647428 0.894594788551 0.499154171431 0.463623104698 -0.234851141123 0.160589475997 0.19612054273 -0.521764513105 0.00544593776219 0.01448180341
0.706416633913 0.459977149963 0.814114825635 0.797002156135 0.24643948395 -0.107698191722 -0.0905855222223 -1.1414935533 0.00188197191814 0.00431667741205
0.800062033685 0.593084335327 0.787038152719 0.792143120298 0.206977698358 0.0130238809665 0.00791891338702 0.638223221526 0.0050562009524 0.0106775089372
0.837657138921 0.851130843163 0.774646464882 0.771390666997 -0.0134737042415 0.0630106740391 0.0662664719245 0.394672681578 0.0105705926182 0.0114671701619
0.872023909376 0.899386644363 0.709458411606 0.764621001692 -0.0273627349874 0.16256549777 0.107402907684 0.296280073002 0.0207301908869 0.0133682785408
0.83485506051 0.507577419281 0.564828349687 0.585111531366 0.327277641229 0.270026710823 0.249743529144 -0.809008467942 0.0719542656343 0.0279755675973
0.350068114957 0.18264734745 0.325398293138 0.367184326548 0.167420767507 0.0246698218188 -0.0171162115911 -0.605692654848 0.0159306830549 0.0279096301188
0.835214697086 1.22003424168 0.752919376032 0.74613881123 -0.38481954459 0.0822953210544 0.089075885856 -0.173181198537 0.0379026181351 0.0376779920058
0.492045314391 0.65925526619 0.492862028763 0.515923811466 -0.167209951799 -0.00081671437171 -0.0238784970745 1.21580711752 0.00463110456879 0.0187650294667
0.872011731244 1.17489552498 0.786092358536 0.78578210431 -0.302883793735 0.0859193727078 0.0862296269337 0.103100251406 0.0190606002668 0.0262484900879
0.64618948158 0.744164466858 0.769234398954 0.771959179799 -0.0979749852779 -0.123044917374 -0.125769698219 -0.947879504412 0.00978487591495 0.0203435561085
0.758744807831 0.127866387367 0.654993160473 0.649231524055 0.630878420464 0.103751647358 0.109513283776 0.228665072471 0.00286163461247 0.00744381954954
0.376183626409 0.506608843803 0.622212473422 0.615559449682 -0.130425217394 -0.246028847013 -0.239375823273 1.05017001182 0.00287065188681 0.0086859014524
0.83821117175 0.556901574135 0.786901278845 0.779940242087 0.281309597615 0.0513098929049 0.058270929663 -0.737279204652 0.00455456425134 0.0150018655691
0.778522801517 0.670829176903 0.762293702872 0.757502222521 0.107693624614 0.0162290986446 0.0210205789955 0.559565644711 0.00600200462767 0.00796464098419
0.374353339888 0.968078970909 0.3813712532 0.383442046755 -0.593725631021 -0.00701791331232 -0.00908870686707 -0.519114509225 0.00280659073714 0.0123212304588
0.651995687637 0.480536222458 0.615738152888 0.638660765671 0.171459465179 0.036257534749 0.0133349219659 0.394758440554 0.00451947017135 0.00820239225548
0.744444891757 0.60911667347 0.664471481983 0.67518705363 0.135328218287 0.0799734097736 0.0692578381272 -1.52920299768 0.00747241881277 0.00915415541152
0.745383778025 0.645318627357 0.776403363732 0.752077008931 0.100065150668 -0.0310195857066 -0.00669323090607 0.971880916506 0.00403880037051 0.014845582338
0.825728612782 0.588094115257 0.701686496422 0.678814851649 0.237634497525 0.12404211636 0.146913761133 0.383180703968 0.00500586679182 0.017776587125
0.687894187072 0.671442747116 0.696264022506 0.696006210394 0.0164514399559 -0.00836983543426 -0.0081120233218 -0.963465679437 0.0105635012218 0.0172317890199
0.646679793343 0.387055158615 0.435394160277 0.454178608756 0.259624634728 0.211285633066 0.192501184587 1.00247146934 0.00506493247218 0.0218798297052
0.811134529589 0.964047431946 0.752876845119 0.753576677112 -0.152912902357 0.0582576844702 0.0575578524771 -0.209422364831 0.0289804837676 0.0301352259907
0.75558494381 0.898006916046 0.751236017843 0.747387559266 -0.142421972236 0.00434892596651 0.00819738454375 0.259757088497 0.00858944925814 0.0260844357196
0.556916591699 0.591621518135 0.704796886935 0.71685780516 -0.0347049264361 -0.147880295236 -0.159941213461 1.47968530655e-05 0.0224323723885 0.0235585087541
0.882050742869 1.18973517418 0.733523771133 0.752553343937 -0.30768443131 0.148526971736 0.129497398932 -0.896834071726 0.018767968695 0.0257309271971
0.753542918394 0.597095370293 0.658255199532 0.646786714438 0.156447548101 0.0952877188622 0.106756203956 0.430236618966 0.0431400992101 0.0220780256203
0.749947861681 1.0409103632 0.468967029936 0.474322760116 -0.290962501516 0.280980831745 0.275625101565 0.730810385197 0.0884870726075 0.0279777093567
0.785042699919 0.434651613235 0.747789810397 0.752167198401 0.350391086684 0.0372528895216 0.0328755015183 -0.699432406574 0.0486017062736 0.0271287249726
0.738108593363 0.462765097618 0.666609774479 0.670825121211 0.275343495745 0.0714988188844 0.0672834721523 -0.0595112005249 0.00449697777912 0.0209160888398
