0.148254510724
0.131924833411
0.129982275784
0.221382923037
0.383460080001
0.401483171642
0.373064876957 1.24807532425e-11
0.353914988814 1.30327475445e-10
0.386129753915 2.35302934684e-12
0.868091514945 0.765611633658 0.795022685147 0.776292872685 0.102479881287 0.073068829798 0.0917986422602 -2.55218289825e-11 0.0 0.0
0.860693320094 0.816350057721 0.767685874188 0.781846418271 0.0443432623729 0.093007445906 0.0788469018235 3646466755.07 0.0 0.0
0.774812346861 0.691154822707 0.618656294712 0.615989561993 0.0836575241538 0.156156052149 0.158822784868 -1662966936.33 0.0 0.0
0.835183095865 0.79459156096 0.742413295999 0.774567197915 0.0405915349052 0.092769799866 0.0606158979502 -4446250060.82 0.0 0.0
0.745663085136 0.782759174705 0.812346027172 0.780496896065 -0.0370960895686 -0.0666829420358 -0.0348338109289 -780110879.448 0.0 0.0
0.61426761069 0.740822732449 0.812544080613 0.828189952087 -0.126555121759 -0.198276469923 -0.213922341397 -53691681.4039 0.0 0.0
0.773312621189 0.265762209892 0.686223764827 0.672034359655 0.507550411297 0.0870888563622 0.101278261534 102757116.904 0.0 0.0
0.641889517398 0.721720144153 0.835952126686 0.84340720086 -0.0798306267546 -0.194062609288 -0.201517683462 -67596548.9187 0.000116797225125 0.00302502954705
0.400318748898 0.634608432651 0.729553832624 0.72454747738 -0.234289683753 -0.329235083726 -0.324228728482 -67596548.9868 0.00122850821363 0.0126852165082
0.755490967137 0.771069094539 0.741953114002 0.77414815462 -0.0155781274017 0.0135378531349 -0.0186571874834 -67596548.9489 0.00037636975606 0.00734007522517
0.719358144975 0.660603970289 0.686105522391 0.74883735358 0.0587541746858 0.0332526225838 -0.0294792086054 -67596548.9376 0.00165948774076 0.0131210201516
0.739991306884 0.717222750187 0.778707974889 0.766797956337 0.0227685566971 -0.0387166680046 -0.0268066494528 0.040892297402 0.070397261767 0.154092869723
0.760948700172 0.683212712407 0.824303169557 0.804942447575 0.0777359877649 -0.0633544693852 -0.0439937474033 4.52995300293e-05 0.0186255292 0.0065238432369
0.824596890759 0.862342134118 0.792384177763 0.767117584018 -0.0377452433591 0.0322127129957 0.0574793067412 -4.00543212891e-05 0.0040099536221 0.00567805217863
0.888307744558 0.893222808838 0.855881009758 0.85031097322 -0.00491506427989 0.0324267347996 0.0379967713378 0.00126822292805 0.00748383347889 0.00652277099497
0.283861818286 0.335153251886 0.505065416734 0.476309187849 -0.0512914336004 -0.221203598448 -0.192447369563 0.00325283408165 0.0165267863351 0.00593818306087
0.72817498639 0.836870282888 0.806260518582 0.821747987458 -0.108695296498 -0.0780855321918 -0.0935730010682 -3.26037406921e-05 0.0166371186268 0.014021990882
0.715304874353 0.673448786139 0.761377637631 0.719924548048 0.0418560882135 -0.0460727632776 -0.00461967369532 4.16040420532e-05 0.114577932628 0.0113807307747
0.862409043244 0.911981031299 0.807774392014 0.820784959498 -0.0495719880546 0.0546346512304 0.0416240837456 -0.00066602230072 0.0373727484971 0.01735629092
0.641074863753 0.624525517225 0.619902074818 0.599355913869 0.0165493465277 0.021172788935 0.0417189498845 -0.00430896878242 0.00744383924484 0.00363275151079
0.65874537231 0.763445407152 0.724637721685 0.749526545476 -0.104700034842 -0.0658923493752 -0.090781173166 -0.015594214201 0.0089918414721 0.00426982680378
0.690452059466 0.911962464452 0.83477414838 0.829661355667 -0.221510404986 -0.144322088914 -0.139209296201 -0.0219458937645 0.0115243041348 0.00631974145382
0.853475290909 0.781210690737 0.809645701655 0.828042737532 0.0722646001722 0.0438295892535 0.0254325533773 -0.0170682668686 0.010589544183 0.00880376482499
0.82608078339 0.635327324271 0.797456095159 0.779372299923 0.190753459119 0.0286246882315 0.0467084834674 -0.0077112019062 0.004802004912 0.00364328191694
0.857034192678 0.790852651 0.716350578649 0.737295808593 0.066181541678 0.140683614029 0.119738384085 0.0384301999584 0.106690632766 0.114877770082
0.349283509125 0.567664504051 0.496059556968 0.481967414166 -0.218380994926 -0.146776047843 -0.132683905041 0.00770591199398 0.00619884286027 0.0277273657522
0.296790575101 0.53867046535 0.495054227091 0.471683637205 -0.241879890249 -0.19826365199 -0.174893062104 181614.615483 0.0 0.0
0.858208068062 0.95501640439 0.822865633025 0.800162436976 -0.0968083363283 0.0353424350366 0.0580456310857 0.135060475208 0.00666995633129 0.00639146559111
0.896765943716 0.815467685461 0.797016694165 0.792050812142 0.081298258255 0.0997492495505 0.104715131574 -0.150483997073 0.0067735003593 0.00685898634191
0.729636146509 0.780686631799 0.765031747176 0.728672196831 -0.0510504852897 -0.0353956006671 0.000963949677542 0.089045016095 0.0207755455151 0.0128755759741
0.836268236129 0.625039964914 0.809404038842 0.794553191829 0.211228271215 0.026864197287 0.0417150442998 0.0234131778125 0.0148443386308 0.00819690604693
0.769034401069 0.792675241828 0.82282022773 0.801680853788 -0.023640840759 -0.0537858266607 -0.0326464527185 -0.0343172985595 0.011561524461 0.0106508965595
0.669762007996 0.807279840112 0.701994610637 0.691602838331 -0.137517832116 -0.0322326026411 -0.0218408303351 -0.0187912243418 0.0128870103707 0.00928372432426
0.911381401009 0.860147953033 0.82109611696 0.837736502552 0.0512334479756 0.0902852840488 0.073644898457 -0.171541429125 0.0127166763402 0.0108845460212
0.62001225851 0.732634857297 0.751056309352 0.723875725232 -0.112622598787 -0.131044050842 -0.103863466722 0.057519826456 0.00478360251625 0.00675832529419
0.875321336328 0.875310331583 0.820218622342 0.831052282207 1.1004744977e-05 0.0551027139859 0.0442690541214 -0.0317804678343 0.013969286725 0.0119135303849
0.841247138149 0.807545170188 0.834693438084 0.833373858212 0.033701967961 0.0065537000648 0.0078732799374 -0.0176573004574 0.0285589150238 0.012033863246
0.650783780321 0.897397339344 0.794834128681 0.791581785137 -0.246613559023 -0.14405034836 -0.140798004816 -0.0918107568286 0.0127748272712 0.00528275890928
0.867852553386 0.926066666842 0.794213407239 0.796870394883 -0.0582141134555 0.0736391461468 0.0709821585026 0.0845836768858 0.0102316332746 0.00603401834634
0.89203482162 0.715922042727 0.813934529589 0.805728202443 0.176112778893 0.0781002920306 0.0863066191773 0.131004622206 0.00764429426895 0.00616217861796
0.236447867272 0.661217704415 0.653817864858 0.714116736922 -0.424769837143 -0.417369997586 -0.47766886965 0.235887250863 0.0272663349638 0.0208695737814
0.903920211797 0.813951611519 0.822843039426 0.809426851706 0.0899686002781 0.081077172371 0.0944933600911 -0.357700104592 0.0591496303982 0.0277034336409
0.858134156446 0.66888153553 0.826191194406 0.822513413727 0.189252620916 0.03194296204 0.0356207427194 0.0879422031576 0.0481393781284 0.0203683326099
0.112914564621 0.594117432833 0.687394210057 0.647904349064 -0.481202868212 -0.574479645436 -0.534989784443 0.0563092688099 0.00343593324665 0.0165001978557
0.69338830641 0.637972161174 0.721267216183 0.692187376531 0.0554161452362 -0.0278789097728 0.00120092987906 -0.0392756725196 0.00956864208467 0.0160761936116
0.860836674233 0.888693571091 0.661381689827 0.743721390917 -0.0278568968577 0.199454984406 0.117115283316 0.116698569618 0.012414476337 0.0129898068475
0.749117910243 0.803145393729 0.797856267903 0.792952859959 -0.0540274834862 -0.0487383576603 -0.0438349497156 -0.111742763082 0.00677446468193 0.0103289142072
0.834678253855 0.719054684043 0.778125866587 0.746779849455 0.115623569812 0.0565523872681 0.0878984044001 -0.0797547469847 0.0108434372185 0.00962293549745
0.915262743736 0.935045346618 0.807331782006 0.832914660288 -0.0197826028817 0.10793096173 0.0823480834482 -0.109134979546 0.00196350530766 0.00905298131107
0.773056982976 0.853365331888 0.824701430528 0.835754964245 -0.0803083489122 -0.0516444475517 -0.0626979812694 -0.023362893844 0.00131526228044 0.0045611848093
0.85834926324 0.805352017283 0.821507667133 0.800012356438 0.0529972459566 0.0368415961069 0.058336906802 0.205719880527 0.00138057100056 0.0071181625368
0.895933909339 0.765023306012 0.834773263412 0.829303740774 0.130910603327 0.0611606459273 0.0666301685645 0.347407795838 0.00213796733168 0.00904976774173
0.665135868177 0.520325005054 0.519155099025 0.506647673956 0.144810863123 0.145980769152 0.158488194221 -0.313482366502 0.00270578691622 0.010555038028
0.588163593259 0.664287403226 0.741591066131 0.736996173559 -0.0761238099669 -0.153427472872 -0.1488325803 -0.0809528783429 0.0130019512077 0.0190284798283
0.785981019122 0.736174210906 0.671388766504 0.687838992102 0.049806808216 0.114592252618 0.0981420270201 0.0635799120646 0.00358677623062 0.0153413061304
0.871067758332 0.811525374651 0.80707286284 0.803819063392 0.059542383681 0.0639948954917 0.0672486949398 -0.0577337383293 0.00411488225299 0.0152235000533
0.81541747215 0.755129694939 0.730517744579 0.784653822752 0.0602877772113 0.0848997275715 0.0307636493975 -0.0998774967156 0.00619244267383 0.0158897755465
0.866839624196 0.907767340541 0.834983435001 0.83366977254 -0.0409277163449 0.0318561891946 0.0331698516557 -0.00149932480417 0.0189296487308 0.0229497362153
0.795879487966 0.922914400697 0.813163867984 0.805375397276 -0.127034912731 -0.0172843800177 -0.00949590930958 0.211893034168 0.00438724813435 0.0170056962191
0.637088514722 0.623359665275 0.65624010777 0.670696245266 0.0137288494474 -0.0191515930483 -0.033607730544 0.00274716736749 0.0310800054722 0.0160952329347
0.869419902589 1.04407548904 0.844325763079 0.836578708428 -0.174655586455 0.0250941395104 0.0328411941608 -0.0690838193987 0.0052579891651 0.012790350624
0.866488403225 0.784611970186 0.794663763137 0.780580362754 0.0818764330388 0.071824640088 0.0859080404707 -0.0304853236303 0.00284866258342 0.00902112389857
0.201521645996 0.346022799611 0.501323867547 0.480084155548 -0.144501153615 -0.299802221551 -0.278562509552 -0.5135681713 0.00244507647223 0.00679800591553
0.870523409437 0.986574083567 0.790632438095 0.823101612159 -0.11605067413 0.079890971342 0.0474217972777 0.461328118108 0.00220676032516 0.00715502050761
0.817513651735 0.738271340728 0.782551875042 0.740329208023 0.0792423110072 0.0349617766925 0.0771844437123 0.116041739238 0.00180959920992 0.00872845443831
0.691047718586 0.852396726608 0.846797204943 0.833785779778 -0.161349008022 -0.155749486357 -0.142738061192 -0.0649618959287 0.00236791257685 0.0100117393418
0.73396607757 0.686684414744 0.823962368807 0.832537580386 0.0472816628256 -0.0899962912366 -0.098571502816 0.096705225762 0.0148962409025 0.0094147138296
0.359160011376 0.376158386469 0.436561474823 0.50788183098 -0.0169983750929 -0.0774014634467 -0.148721819604 -0.0250315703452 0.00666083782184 0.00613710987089
0.898082027367 0.836890086532 0.823337354043 0.832525631291 0.0611919408354 0.0747446733239 0.0655563960762 0.066342998296 0.00595296822369 0.0077120824286
0.802298426107 0.763533338904 0.76471992669 0.746247895015 0.0387650872026 0.0375784994166 0.0560505310923 -0.0660426337272 0.00698120091207 0.0096973677024
0.74680163994 0.824940145016 0.819631756254 0.802686660552 -0.0781385050757 -0.0728301163139 -0.0558850206121 -0.057735292241 0.00405902385643 0.0114411356238
0.769194380556 0.46872164309 0.786939046193 0.823736277004 0.300472737466 -0.0177446656365 -0.0545418964483 0.1925848471 0.0309025323831 0.00912978489983
0.930052704522 0.823358729482 0.746035942905 0.763520679263 0.10669397504 0.184016761617 0.166532025259 -0.111637827475 0.00573215175904 0.012614077826
0.842716976223 0.794373065233 0.802264642996 0.794239188042 0.0483439109898 0.0404523332273 0.048477788181 -0.0508044860326 0.00315835133993 0.011818923625
0.58840659223 0.554933950305 0.664881859744 0.652833853167 0.033472641925 -0.0764752675145 -0.0644272609375 0.012059292756 0.00505406480083 0.00856971855889
0.822911990802 0.453104108572 0.477329082092 0.488549216286 0.36980788223 0.34558290871 0.334362774516 -0.16751029389 0.00895321383906 0.00964496507996
0.900893014141 0.719719678164 0.811984725578 0.81382843415 0.181173335977 0.0889082885631 0.0870645799908 0.0758366771042 0.0128806214781 0.0126978252172
