# resid_index #
x = [3, 4, 5, 6, 7, 9, 10, 11, 12, 13, 14, 16, 18, 19, 20, 21, 24, 26, 34, 35]

# s2_predicted_LR #
y1 = [0.7717970854345537, 0.723497038622934, 0.700827872680678, 0.7452140058170513, 0.7633023951632987, 0.5296639639211989, 0.3278543036273607, 0.6274885714626046, 0.3080306963371544, 0.8055974013505869, 0.7353224615130791, 0.6998220370795625, 0.5945215404380979, 0.6626933672408668, 0.37104399922968123, 0.6653523305043769, 0.7048230387012537, 0.7788523807833829, 0.6980426702161544, 0.8050944389490489]

# s2_predicted_RF #
y2 = [0.7422621852132777, 0.7390910486714477, 0.8031528608480993, 0.8374424207963442, 0.7300994489789441, 0.5796839911484564, 0.39719240201373257, 0.7372956039746237, 0.35328765682136887, 0.8216460824928397, 0.8452930076183097, 0.7372073969598504, 0.7125643642443682, 0.7753035975324537, 0.6094418992823287, 0.5743087737788257, 0.7658876509251691, 0.8024699178289358, 0.7107224021647918, 0.6560413630710001]

# s2_measured #
y3 = [0.814897676407, 0.806696144196, 0.807980407878, 0.814215193123, 0.812090614628, 0.720134378141, 0.572074815485, 0.493056803336, 0.200326011493, 0.843458938273, 0.856641434625, 0.811134529589, 0.844944905513, 0.761653846319, 0.49244675259, 0.753542918394, 0.846242838066, 0.847078897902, 0.82179146662, 0.824002668095]

# s2_diff(measured - predicted_LR) #
y1 = [0.04310059097244623, 0.08319910557306598, 0.10715253519732193, 0.06900118730594862, 0.048788219464701355, 0.19047041421980115, 0.24422051185763938, -0.13443176812660462, -0.10770468484415441, 0.03786153692241312, 0.12131897311192086, 0.11131249250943753, 0.25042336507490215, 0.09896047907813321, 0.12140275336031875, 0.08819058788962308, 0.14141979936474625, 0.06822651711861705, 0.12374879640384562, 0.01890822914595114]

# s2_diff(measured - predicted_RF #
y2 = [0.07263549119372226, 0.0676050955245523, 0.004827547029900625, -0.023227227673344286, 0.08199116564905595, 0.14045038699254364, 0.17488241347126748, -0.2442388006386237, -0.15296164532836887, 0.021812855780160345, 0.011348427006690254, 0.07392713262914963, 0.13238054126863186, -0.013649751213453687, -0.11699514669232874, 0.17923414461517428, 0.0803551871408309, 0.04460898007306413, 0.11106906445520826, 0.16796130502399986]