0.12184914774
0.4660601095
0.410427457444 0.566938608885 -676.0166092
0.511090992754 0.512291222811 -676.069245596
0.813339128297 0.86025094986 -676.043804757
0.857367096279 0.747924417257 -676.052672096
0.758457328217 0.844363212585 -676.060224492
0.49244675259 0.435274362564 -676.063593026
0.429585182954 0.253244787455 -676.07533589
0.234674946597 0.387449413538 -242544801.54
0.599470873282 0.79038515687 -242544801.581
0.852656240624 0.645443081856 -242544801.536
0.385951090283 0.560335606337 -242544801.518
0.818057204622 0.790591955185 0.0489823771641
0.742873146613 0.813140332699 9.48645174503e-06
0.890510609626 0.769446581602 2.92994081974e-06
0.755907297307 0.783972203732 -0.000207364559174
0.598363965528 0.684261888266 0.00232276320457
0.76504281259 0.774420291185 -0.000122606754303
0.930052704522 0.802486866713 0.000122407451272
0.792075897846 0.566974371672 -8.5286796093e-05
0.695753200202 0.59527644515 -0.00951463729143
0.829504396303 0.840146541595 -0.0139422640204
0.76232608802 0.604502856731 -0.0163643173873
0.728274998952 0.610375493765 -0.0149681456387
0.841471668278 0.848199278116 -0.0123236998916
0.865520170334 0.834995806217 0.0309725636616
0.894376154043 0.850868612528 0.0209966539405
0.81753926839 0.822366833687 510575.343835
0.847453251849 0.878113031387 0.0650924779475
0.355648396079 0.570724874735 -0.0164971426129
0.864404621004 0.74484822154 0.00509113818407
0.669155940749 0.791558712721 0.0111591480672
0.85834926324 0.801689624786 -0.0516067370772
0.759618644478 0.726545840502 -0.00685281679034
0.32431634745 0.465519100428 0.0122579783201
0.401359686024 0.53637906909 0.0555306337774
0.806797591038 0.683139145374 0.00702876597643
0.868420875956 0.775679528713 -0.121870398521
0.808108206365 0.853758335114 -0.000365633517504
0.822911990802 0.500913381577 -0.0312969386578
0.814327188151 0.77141007781 0.190659724176
0.869696421108 0.767488956451 -0.0436392091215
0.748124264095 0.873896241188 0.0862987097353
0.84892447786 0.676906466484 -0.107314625755
0.883341843399 0.855322271585 0.0284879785031
0.726293950012 0.789433568716 -0.0914984121919
0.703900011763 0.759880334139 0.0372832622379
0.843135518105 0.9052708745 -0.0433908272535
0.810541740958 0.799732804298 0.0417490992695
0.747855380322 0.780388832092 0.058018554002
0.833917777441 0.565385431051 -0.130906933919
0.336875769463 0.73793271184 0.140086581931
0.743675654537 0.715840101242 -0.011642742902
0.630767982161 0.683473348618 -0.0275009889156
0.622356268878 0.590913563967 0.120780033991
0.73826721847 0.621282190084 -0.192925874144
0.812090614628 0.745732158422 0.00192823261023
0.878519251142 0.789166480303 0.0929772760719
0.795879487966 0.894210129976 -0.0288947857916
0.870025692183 0.74633911252 -0.00771016255021
0.805213910382 0.726618736982 -0.0417670309544
0.642658194354 0.58878827095 -0.00426490046084
0.858208068062 0.820866525173 0.11818051897
0.332324058963 0.423929601908 -0.16959759593
0.850526715075 0.769146680832 0.210243448615
0.790255635096 0.778604924679 -0.208984427154
0.846488898103 0.885926038027 -0.00810092873871
0.767016687463 0.765137374401 -0.0723875910044
0.265932276814 0.466429948807 0.232182089239
0.779902729359 0.685549378395 -0.0174855552614
0.825275327823 0.765037208796 -0.148812457919
0.740611771211 0.682123452425 0.159993167967
0.789833458724 0.803229093552 0.217391023412
0.718767595853 0.730911642313 -0.356542183086
0.869741947045 0.831763476133 0.256241742522
0.671490368095 0.570135891438 -0.221593882889
0.653730955114 0.628686636686 0.056961633265
0.847456535622 0.778603851795 -0.0645354539156
0.101448065878
0.62988650597
0.410427457444 0.424954287668 0.00239904088326
0.511090992754 0.540071881003 2.19586705471e-05
0.813339128297 0.819139712745 9.36379365566e-05
0.857367096279 0.80418452973 0.000906562652909
0.758457328217 0.716784855529 0.000772340132009
0.49244675259 0.605243979856 4.34211107546e-05
0.429585182954 0.586822830457 8.46951985237e-05
0.234674946597 0.311546151744 0.000686236498358
0.599470873282 0.717851840879 0.00407617434164
0.852656240624 0.7751113759 0.00172644851746
0.385951090283 0.480113088409 0.00153463655297
0.818057204622 0.78231257634 0.100136420015
0.742873146613 0.77528830166 0.0306173035152
0.890510609626 0.80484959117 0.0137572139706
0.755907297307 0.748446225017 0.0215700623547
0.598363965528 0.690705582367 0.0427320576163
0.76504281259 0.777833493705 0.0447873698653
0.930052704522 0.821818918618 0.0464298611227
0.792075897846 0.608423757794 0.031647886328
0.695753200202 0.579235570402 0.00845011857093
0.829504396303 0.745808707749 0.0121602064883
0.76232608802 0.665297580499 0.0131869610431
0.728274998952 0.663387565401 0.028689874635
0.841471668278 0.808397211786 0.00902457605808
0.865520170334 0.75958057378 0.239999976127
0.894376154043 0.786381483774 0.00377728997603
0.81753926839 0.811599453052 0.0
0.847453251849 0.764802301397 0.00685902485371
0.355648396079 0.588261144936 0.00431927464466
0.864404621004 0.802914529189 0.00373916999315
0.669155940749 0.764970979365 0.00384178551456
0.85834926324 0.828527615057 0.00241017843326
0.759618644478 0.741644452793 0.00271325728447
0.32431634745 0.370059466692 0.00237450141799
0.401359686024 0.523383346589 0.00196856446119
0.806797591038 0.785147324315 0.00205487360277
0.868420875956 0.827536418616 0.00276196359667
0.808108206365 0.805133277824 0.00383555915963
0.822911990802 0.547594137788 0.00338905080063
0.814327188151 0.775529639295 0.00329167916269
0.869696421108 0.809868476914 0.00229392979165
0.748124264095 0.81360599304 0.00431709081228
0.84892447786 0.761397802348 0.00804484813296
0.883341843399 0.811962677893 0.00489283417301
0.726293950012 0.772502259063 0.0286241871879
0.703900011763 0.75770475202 0.00487256290752
0.843135518105 0.821279872363 0.007234416586
0.810541740958 0.763091051772 0.00418032884453
0.747855380322 0.745089859831 0.00280642379608
0.833917777441 0.558864238304 0.00350886378396
0.336875769463 0.658646420322 0.00260043716385
0.743675654537 0.766528444473 0.0226796770136
0.630767982161 0.689354413551 0.0100248589328
0.622356268878 0.623707354465 0.0152984104456
0.73826721847 0.602457764515 0.0265484089775
0.812090614628 0.766004347508 0.00416153323645
0.878519251142 0.816712257524 0.00695298324762
0.795879487966 0.811813968486 0.00968849541398
0.870025692183 0.747978653227 0.0184833141091
0.805213910382 0.685323626482 0.00807797079426
0.642658194354 0.690526819983 0.0170521350557
0.858208068062 0.806156582593 0.00953028043571
0.332324058963 0.339508330071 0.00731125353207
0.850526715075 0.792145843964 0.0100722118747
0.790255635096 0.797840362721 0.00773930467317
0.846488898103 0.825846468371 0.00134601850779
0.767016687463 0.779722136327 0.00166909778035
0.265932276814 0.490182682028 0.00593811799556
0.779902729359 0.759497855868 0.00396637611869
0.825275327823 0.822865204771 0.00271167695886
0.740611771211 0.745912047436 0.00276340613986
0.789833458724 0.815819321317 0.00238726688566
0.718767595853 0.733794033362 0.00317395469245
0.869741947045 0.790133132804 0.00231286551953
0.671490368095 0.652843020511 0.00644376142283
0.653730955114 0.502917389291 0.00324595079597
0.847456535622 0.793455077317 0.0141735331536
0.115116607563
0.523433685455
0.410427457444 0.471542408529 0.0124880729692
0.511090992754 0.550818153049 0.000131571914502
0.813339128297 0.811964066604 0.00150829360353
0.857367096279 0.768400297721 0.00425467998667
0.758457328217 0.71580233455 0.00547943624234
0.49244675259 0.535794276838 0.0014075421226
0.429585182954 0.628785789673 0.00178633398791
0.234674946597 0.35398072282 0.00369745625999
0.599470873282 0.750912959195 0.0100440461302
0.852656240624 0.722082319646 0.00828771703408
0.385951090283 0.54852764431 0.00962847753592
0.818057204622 0.758969433455 0.21561185363
0.742873146613 0.779459245336 0.00880984631711
0.890510609626 0.789721941055 0.0118434272432
0.755907297307 0.754145582168 0.00704546459488
0.598363965528 0.736044509235 0.00868639358147
0.76504281259 0.769462837975 0.0136504337107
0.930052704522 0.773411523701 0.00959279360467
0.792075897846 0.609564019086 0.00973240177435
0.695753200202 0.551379275361 0.00464888666096
0.829504396303 0.79140019173 0.0065442133278
0.76232608802 0.615657289672 0.00728864892499
0.728274998952 0.659352819208 0.0105661677952
0.841471668278 0.819718280918 0.00529791593082
0.865520170334 0.742427842005 0.15750430404
0.894376154043 0.78625194477 0.0110220438499
0.81753926839 0.790595811566 0.0
0.847453251849 0.774325890953 0.00584653375537
0.355648396079 0.641626183246 0.00407773456035
0.864404621004 0.778229519183 0.00405010804764
0.669155940749 0.758051793731 0.003919610701
0.85834926324 0.787868995711 0.00358530823865
0.759618644478 0.758287233123 0.00333158752816
0.32431634745 0.430934089175 0.00249814373392
0.401359686024 0.547902404156 0.0036666755373
0.806797591038 0.777785711584 0.00400631213962
0.868420875956 0.799984288535 0.00361420525614
0.808108206365 0.793184404438 0.00426883103453
0.822911990802 0.50421324915 0.00442759046904
0.814327188151 0.790945781856 0.00517521208145
0.869696421108 0.796135457666 0.00517293662716
0.748124264095 0.797671609831 0.00601317947207
0.84892447786 0.755214099716 0.0108112826687
0.883341843399 0.798917707143 0.0117420355797
0.726293950012 0.794759484953 0.0161489130417
0.703900011763 0.763413568357 0.00966741130914
0.843135518105 0.803678544376 0.00796778133498
0.810541740958 0.769144958841 0.0101533812453
0.747855380322 0.751853804033 0.00910575318259
0.833917777441 0.543838589433 0.00802353540028
0.336875769463 0.742643752256 0.0100504903471
0.743675654537 0.759255742878 0.0154807218229
0.630767982161 0.732434682182 0.0132775363195
0.622356268878 0.64038134318 0.0173979195419
0.73826721847 0.598930701743 0.016103239164
0.812090614628 0.725243601942 0.00989500970826
0.878519251142 0.790176266206 0.0125179782862
0.795879487966 0.794690308057 0.0141213546659
0.870025692183 0.745915158315 0.0108268340932
0.805213910382 0.664353567185 0.0134824489954
0.642658194354 0.642422688373 0.0179464352186
0.858208068062 0.792095669234 0.0133078945145
0.332324058963 0.393177687268 0.0137041063281
0.850526715075 0.817665868001 0.0146242676276
0.790255635096 0.804658180311 0.0135240569362
0.846488898103 0.829190578291 0.0126937208174
0.767016687463 0.756914378757 0.00851558902226
0.265932276814 0.488195428527 0.00718645990998
0.779902729359 0.732601177659 0.00740494024631
0.825275327823 0.801428372082 0.00715079505253
0.740611771211 0.756497598368 0.00639541800623
0.789833458724 0.794048772745 0.00818023616041
0.718767595853 0.772059355336 0.00547362471781
0.869741947045 0.791625741502 0.00808424324016
0.671490368095 0.589712440484 0.00874542797507
0.653730955114 0.584613231232 0.00874122097625
0.847456535622 0.756304066805 0.0113355445878
