# resid_index #
x = [3, 4, 5, 6, 7, 9, 10, 11, 12, 13, 14, 16, 18, 19, 20, 21, 24, 26, 34, 35]

# s2_predicted_LR #
y1 = [0.7717970854345537, 0.723497038622934, 0.700827872680678, 0.7452140058170513, 0.7633023951632987, 0.5296639639211989, 0.3278543036273607, 0.6274885714626046, 0.3080306963371544, 0.8055974013505869, 0.7353224615130791, 0.6998220370795625, 0.5945215404380979, 0.6626933672408668, 0.37104399922968123, 0.6653523305043769, 0.7048230387012537, 0.7788523807833829, 0.6980426702161544, 0.8050944389490489]

# s2_predicted_RF #
y2 = [0.7413841282372057, 0.7390360725446732, 0.8055398839500532, 0.836672076808765, 0.7333761462920905, 0.5744745196752049, 0.4063514134802003, 0.7372136390190269, 0.3588884430549589, 0.8247668804284423, 0.8436180378277489, 0.7433704205114805, 0.7092272808281431, 0.7781031520613729, 0.6100753328223233, 0.5834545857674759, 0.7653041023164775, 0.8014667481072594, 0.7076746738673771, 0.657989481611658]

# s2_measured #
y3 = [0.814897676407, 0.806696144196, 0.807980407878, 0.814215193123, 0.812090614628, 0.720134378141, 0.572074815485, 0.493056803336, 0.200326011493, 0.843458938273, 0.856641434625, 0.811134529589, 0.844944905513, 0.761653846319, 0.49244675259, 0.753542918394, 0.846242838066, 0.847078897902, 0.82179146662, 0.824002668095]

# s2_diff(measured - predicted_LR) #
y1 = [0.04310059097244623, 0.08319910557306598, 0.10715253519732193, 0.06900118730594862, 0.048788219464701355, 0.19047041421980115, 0.24422051185763938, -0.13443176812660462, -0.10770468484415441, 0.03786153692241312, 0.12131897311192086, 0.11131249250943753, 0.25042336507490215, 0.09896047907813321, 0.12140275336031875, 0.08819058788962308, 0.14141979936474625, 0.06822651711861705, 0.12374879640384562, 0.01890822914595114]

# s2_diff(measured - predicted_RF #
y2 = [0.07351354816979427, 0.06766007165132681, 0.0024405239279468027, -0.02245688368576504, 0.07871446833590956, 0.1456598584657951, 0.16572340200479974, -0.24415683568302693, -0.15856243156195893, 0.01869205784455774, 0.013023396797251063, 0.06776410907751951, 0.13571762468485693, -0.01644930574237291, -0.11762858023232331, 0.17008833262652412, 0.08093873574952248, 0.0456121497947406, 0.11411679275262288, 0.16601318648334196]

# Measured/LR #
Kendalltau = 0.57894736842105265
p_value = 0.00035852265867573175

# Measured/RF #
Kendalltau = 0.45263157894736844
p_value = 0.0052674129703828192