# resid_index #
x = [3, 4, 5, 6, 7, 9, 10, 11, 12, 13, 14, 16, 18, 19, 20, 21, 24, 26, 34, 35]

# s2_predicted_LR #
y1 = [0.816442461271669, 0.662653405160303, 0.7275010293631625, 0.7369855351811105, 0.7554732795844081, 0.4884961659009732, 0.31059425610112146, 0.6765179015474885, 0.256359173914517, 0.7470086467859012, 0.6570856380300414, 0.7037813736248439, 0.6533339117598185, 0.6983975976453569, 0.4580819699305898, 0.5635513736829469, 0.6974922199786915, 0.8039642622502823, 0.7663548667304683, 0.7482233074454647]

# s2_predicted_RF #
y2 = [0.7403586325400755, 0.737559530183612, 0.801404733421627, 0.8322648495747801, 0.7332173332694297, 0.5697377000497276, 0.3878015205011995, 0.7435276051337701, 0.333702443429966, 0.8178382521172869, 0.833685527716156, 0.7349602930207058, 0.7143897961586303, 0.7711499039031251, 0.6063741664381679, 0.542960828174656, 0.7627620273620108, 0.7999820352398415, 0.7100508219888786, 0.6374624776761522]

# s2_measured #
y3 = [0.831138948291, 0.815544812019, 0.799283071469, 0.811626239916, 0.81472899248, 0.698090605191, 0.57109343066, 0.470150178151, 0.362028396382, 0.818951136094, 0.826512552458, 0.82805558862, 0.806618291692, 0.791630762989, 0.57520474948, 0.710715821944, 0.82653742244, 0.83335132482, 0.827892511079, 0.806840390225]

# s2_diff(measured - predicted_LR) #
y1 = [0.014696487019331017, 0.15289140685869695, 0.0717820421058375, 0.07464070473488948, 0.05925571289559184, 0.20959443929002675, 0.2604991745588785, -0.20636772339648846, 0.105669222467483, 0.07194248930809888, 0.16942691442795865, 0.12427421499515601, 0.15328437993218147, 0.09323316534364312, 0.1171227795494102, 0.14716444826105302, 0.12904520246130846, 0.02938706256971768, 0.061537644348531706, 0.05861708277953526]

# s2_diff(measured - predicted_RF) #
y2 = [0.09078031575092449, 0.077985281835388, -0.002121661952626974, -0.02063860965878006, 0.08151165921057024, 0.1283529051412724, 0.18329191015880048, -0.2733774269827701, 0.028325952952033995, 0.0011128839767131637, -0.007172975258155967, 0.09309529559929419, 0.09222849553336965, 0.020480859085874936, -0.031169416958167884, 0.167754993769344, 0.06377539507798913, 0.0333692895801585, 0.11784168909012138, 0.16937791254884782]

# Measured/LR #
Kendalltau = 0.61052631578947369
p_value = 0.00016752701395680427

# Measured/RF #
Kendalltau = 0.40000000000000002
p_value = 0.013672079576637059
