0.182577989096
0.139126315768
0.141246089533
-0.014300601549
0.411036456032
0.392952450781
0.259649122807 0.000904060814734
0.351578947368 6.99532446312e-06
0.385964912281 8.08323253047e-07
0.856468606649 0.881188124418 0.799991206176 0.799201739438 -0.0247195177693 0.0564774004734 0.0572668672112 -3.58708031536e-11 0.0 0.0
0.635765388128 0.884827405214 0.788389387814 0.77043623545 -0.249062017086 -0.152623999686 -0.134670847322 567067891.026 0.0 0.0
0.601848456581 0.763018384576 0.71628370628 0.714000779556 -0.161169927995 -0.114435249699 -0.112152322975 -29947690.3533 0.0 0.0
0.825984225681 0.975714549422 0.824034186644 0.816603520409 -0.149730323741 0.0019500390374 0.00938070527155 5346087.66724 0.0 0.0
0.84822100404 0.839701682329 0.796621875535 0.805233964655 0.00851932171082 0.0515991285047 0.0429870393847 -131406278.53 0.0 0.0
0.59566159219 0.580738425255 0.628742386636 0.618094650762 0.0149231669352 -0.0330807944463 -0.0224330585724 43153031.2386 0.0 0.0
0.666899184244 0.913451567292 0.820221114936 0.820354898628 -0.246552383048 -0.153321930692 -0.153455714384 -3146371.97174 0.0 0.0
0.822728202034 0.787912532687 0.804686280211 0.794159425306 0.0348156693468 0.0180419218234 0.0285687767283 -175092.475887 0.000601991127137 0.00550602599955
0.847416055997 0.943367764354 0.761507499725 0.77203541494 -0.0959517083568 0.0859085562722 0.0753806410567 1988703.20896 0.0 0.0
0.82795046944 0.823227837682 0.767996643798 0.769826695957 0.00472263175823 0.0599538256421 0.0581237734826 -175092.478913 0.000966493017924 0.00557653846559
0.869696421108 0.730359658599 0.792729514727 0.7922790175 0.139336762509 0.0769669063809 0.0774174036076 -567615.15286 0.0 0.0
0.830458157783 0.831788673997 0.827224348374 0.822040727223 -0.00133051621393 0.0032338094087 0.00841743055992 0.0645140796551 0.0188374175096 0.0608884600155
0.901130851567 0.704347282648 0.795527782755 0.783554887106 0.196783568919 0.105603068812 0.117575964461 0.00012195110321 0.0377317266951 0.0132992101911
0.874642977892 0.678882405162 0.796073965557 0.800715741467 0.19576057273 0.0785690123348 0.0739272364254 -0.000106275081635 0.00979839832722 0.0137691068801
0.789171657502 0.723258435726 0.734539542657 0.705773551993 0.0659132217758 0.054632114845 0.0833981055086 -0.000999710988253 0.0130443140208 0.00493678502497
0.849219260712 0.819982171059 0.804461360897 0.795899417038 0.0292370896533 0.0447578998145 0.0533198436743 -0.00121047400171 0.0405584992825 0.0131226392932
0.746486657166 0.686148539186 0.748540012217 0.739771216293 0.0603381179805 -0.00205335505075 0.00671544087255 7.39842653275e-05 0.0308078105022 0.00968219111886
0.826447926603 0.425294756889 0.722263514567 0.718119816025 0.401153169714 0.104184412036 0.108328110578 -7.60965049267e-05 0.0227572148502 0.00571019296985
0.195289032552 0.399983137846 0.489134204735 0.513406691162 -0.204694105294 -0.293845172183 -0.31811765861 -0.000175774097443 0.0301141547351 0.015774541052
0.846256226026 0.772011145949 0.795044495506 0.80507112028 0.0742450800766 0.0512117305203 0.0411851057463 -0.0260181389749 0.0110160399269 0.0067339452346
0.143152438769 0.377315193415 0.481174529705 0.519043534662 -0.234162754646 -0.338022090936 -0.375891095893 -0.0139790140092 0.0186805815081 0.00700015923895
0.864561668632 0.958055570722 0.803874249836 0.826114026065 -0.0934939020896 0.0606874187962 0.0384476425673 -0.00209228089079 0.0104947557325 0.00839266690141
0.812831770957 0.921225607395 0.771550338994 0.764380226994 -0.108393836438 0.0412814319633 0.048451543963 -0.000976517796516 0.0203232360831 0.0110645010295
0.859966732948 0.782755628228 0.752344227245 0.77113954762 0.0772111047198 0.107622505703 0.0888271853283 -0.0146812275052 0.00653226152456 0.00292333743515
0.854245934524 0.709990009665 0.747162686123 0.746165465159 0.144255924859 0.107083248401 0.108080469365 0.027876023727 0.153937878742 0.111899569869
0.861892620068 0.907367736101 0.852607716416 0.84025158947 -0.0454751160332 0.0092849036515 0.0216410305977 0.0152039007517 0.00650605960599 0.0187851219332
0.867381058611 0.73363378644 0.79439505904 0.787552524963 0.133747272171 0.072985999571 0.079828533648 -3258.82691983 0.0 0.0
0.851782757887 0.980279952288 0.837170732484 0.826057363952 -0.128497194401 0.0146120254028 0.0257253939348 0.121332947805 0.0125383609481 0.00933821669038
0.89067736004 0.781288355589 0.752800401673 0.764380010768 0.109389004451 0.137876958367 0.126297349272 -0.16190841957 0.0140346197205 0.00902616455424
0.776960476954 0.759507268667 0.77835111648 0.789838265609 0.0174532082868 -0.00139063952649 -0.0128777886549 -0.031334444473 0.0116306988722 0.00439844964888
0.907279753627 0.866420567036 0.769596006621 0.772705489028 0.0408591865913 0.137683747006 0.134574264599 -0.0233295156504 0.0327866791476 0.00878962695787
0.290824878215 0.702390685678 0.730608288997 0.718768013309 -0.411565807463 -0.439783410782 -0.427943135094 0.253695863241 0.00464928374348 0.00683009070687
0.831159343942 0.749130964279 0.794861758855 0.787322451444 0.0820283796628 0.0362975850867 0.0438368924978 0.0364483338199 0.0110190453489 0.00843206604619
0.293140962958 0.595021769404 0.625897225275 0.65072536245 -0.301880806446 -0.332756262317 -0.357584399492 -0.0498798252665 0.00600506961776 0.00659269954526
0.808108206365 0.911858558655 0.79426815318 0.784559358446 -0.10375035229 0.0138400531845 0.0235488479193 -0.222981451894 0.0050799732993 0.00898096036575
0.751672674578 0.867706686258 0.817423168623 0.805934682307 -0.11603401168 -0.0657504940452 -0.0542620077292 0.293992641731 0.00512187780571 0.00896022883643
0.837896130702 0.886351779103 0.796570579359 0.797653068557 -0.0484556484013 0.0413255513425 0.0402430621446 -0.190827449784 0.00714016040738 0.00915220709872
0.848315937102 0.768729418516 0.83453079046 0.822606810361 0.0795865185858 0.0137851466415 0.0257091267415 -0.240696147608 0.00393401476155 0.00877742530488
0.09836708222 0.483583033085 0.682015184791 0.699182562323 -0.385215950865 -0.583648102571 -0.600815480103 0.294895741274 0.00389758137849 0.0111915633253
0.867006722154 0.943629473448 0.773943885946 0.782655331254 -0.0766227512938 0.0930628362077 0.0843513909002 -0.126971849008 0.00946043314971 0.018161829906
0.743579205212 0.48458173871 0.712344574529 0.721791270565 0.258997466502 0.031234630683 0.0217879346468 0.0435098462622 0.00473584697601 0.0122293251574
0.677108787922 0.538678869605 0.644013594222 0.631713499174 0.138429918317 0.0330951937 0.0453952887484 -0.124538197822 0.00515296489091 0.00953165027463
0.645187821768 0.66664353013 0.786840983663 0.78184976803 -0.0214557083624 -0.141653161895 -0.136661946262 0.147950852232 0.00253980992258 0.00875847983625
0.865643788968 0.793250054121 0.77069764505 0.760716216636 0.072393734847 0.094946143918 0.104927572332 0.00583915709285 0.00851378910316 0.00844356222321
0.743060050088 0.858984827995 0.79757709441 0.809896849852 -0.115924777907 -0.0545170443222 -0.0668367997641 -0.0499612691929 0.00422753436415 0.00691269261587
0.875119436555 0.902377560735 0.83094344429 0.833207262601 -0.0272581241797 0.044175992265 0.0419121739541 0.101578860485 0.00569336984855 0.00874709756257
0.73699464993 0.871652022004 0.77622109418 0.790969835709 -0.134657372074 -0.0392264442497 -0.0539751857791 -0.26554932748 0.00394487778735 0.00587513713828
0.751836586228 0.71637712419 0.778470052183 0.789905033337 0.0354594620377 -0.0266334659551 -0.0380684471094 0.075493675773 0.00418397931621 0.0068011490487
0.739874707334 0.695022821426 0.745535815528 0.742662453836 0.0448518859076 -0.00566110819411 -0.00278774650233 -0.195403370424 0.0188776423173 0.0166723151065
0.845980817687 0.683374986053 0.83088682216 0.824269736242 0.162605831634 0.0150939955265 0.0217110814453 0.089102862752 0.00714948455063 0.015966068913
0.892756857577 0.696456328034 0.759288816987 0.759420054287 0.196300529543 0.13346804059 0.13333680329 0.112006154086 0.00679941760374 0.0143356831721
0.821399346223 0.66855661571 0.786751135575 0.781854441006 0.152842730513 0.0346482106476 0.0395449052165 -0.172939970216 0.0139994693247 0.00863277327645
0.699136357522 0.844318076968 0.846031188723 0.841447904592 -0.145181719446 -0.146894831201 -0.14231154707 0.574023495254 0.0115458865214 0.0119077402447
0.842747092177 0.779188022017 0.797803915433 0.826099763621 0.0635590701595 0.0449431767442 0.0166473285557 -0.638088992564 0.0119539645989 0.00784376491286
0.780614829242 0.651624679565 0.799348087408 0.788741282876 0.128990149677 -0.018733258166 -0.00812645363398 0.365160926362 0.0117466777379 0.0127513834778
0.759618644478 0.632750943303 0.75529841294 0.752653963804 0.126867701175 0.00432023153795 0.00696468067432 0.270737708954 0.00576997421634 0.00879117903896
0.704140261266 0.40975086391 0.769305359639 0.756421067598 0.294389397356 -0.0651650983727 -0.0522808063317 -0.190673106757 0.0022611177512 0.00657175149233
0.652229273358 0.562600269914 0.639150474493 0.625735271631 0.0896290034443 0.0130787988652 0.0264940017269 -0.208962386358 0.00271830541461 0.00570480960375
0.33218033855 0.707008957863 0.705577157259 0.687138625528 -0.374828619313 -0.373396818709 -0.354958286978 0.398716400086 0.010710559704 0.0104281322216
0.745989630374 0.693872869015 0.785811325245 0.76948543784 0.0521167613593 -0.0398216948705 -0.0234958074665 -0.298182189348 0.00384684687933 0.00677625809775
0.8523181086 0.91513466835 0.807713816106 0.82095785733 -0.0628165597502 0.0446042924936 0.0313602512699 -0.0219596067909 0.00543573743423 0.00864023164861
0.830912110439 0.749053686857 0.783551804776 0.78580220236 0.0818584235818 0.0473603056629 0.045109908079 0.421523117751 0.0163906975686 0.00947053159754
0.426342700898 1.08715231717 0.763556563249 0.774086622303 -0.660809616268 -0.337213862351 -0.347743921405 -0.111235218763 0.00462407335484 0.0078734068818
0.66489303765 0.814958050847 0.752361712631 0.75746681891 -0.150065013197 -0.0874686749812 -0.0925737812602 -0.776230878022 0.00910510427282 0.0115483820835
0.862650338333 0.677503824234 0.833505963335 0.82822896514 0.185146514099 0.0291443749982 0.0344213731932 0.34128226724 0.00426548047664 0.012605431406
0.861432395533 0.881894290447 0.822765929835 0.816124276633 -0.0204618949142 0.038666465698 0.0453081188998 0.174756083637 0.00263856861216 0.0151024499682
0.901905686255 0.893423318863 0.789056578179 0.811336117343 0.00848236739208 0.112849108076 0.0905695689117 0.224219923111 0.011961908242 0.0233655211269
0.741599035656 0.710518687963 0.748202005019 0.733252135603 0.0310803476925 -0.00660296936285 0.00834690005322 0.255668432976 0.0211436960758 0.0242852547615
0.67139673069 0.65502654016 0.763455282755 0.741129300141 0.0163701905298 -0.0920585520652 -0.0697325694514 -0.203027816082 0.0192993198111 0.023278505633
0.867206635447 1.05841965973 0.758411189399 0.781699774194 -0.191213024287 0.108795446048 0.0855068612535 -0.533367543714 0.0420387231462 0.0279208596033
0.707664477372 0.814516305923 0.774055361783 0.769834231959 -0.106851828551 -0.0663908844111 -0.0621697545872 -0.0925073933904 0.038045821171 0.023854629223
0.835837478036 0.389483436942 0.733894422338 0.717867801514 0.446354041094 0.101943055698 0.117969676522 0.348663840239 0.0140859365585 0.032612010626
0.398519810645 0.200728625059 0.507163877298 0.51965811649 0.197791185586 -0.108644066653 -0.121138305845 -0.102671076253 0.0142024670991 0.026186521992
0.807154098802 1.08319498599 0.765212068097 0.789756762717 -0.276040887184 0.0419420307053 0.0173973360852 0.202673107211 0.00702640685362 0.0261060335342
0.800096395735 1.0181003511 0.770405000278 0.770780215318 -0.21800395536 0.0296913954568 0.0293161804174 0.0113995573483 0.0204581669299 0.028551887194
0.818057204622 0.765186995268 0.828710027593 0.802022294529 0.0528702093541 -0.0106528229712 0.0160349100926 -0.526815087884 0.0189266026992 0.035109253355
