0.314652126441
0.147473104346
0.130725871722
-3.62651558847
-0.0162915914486
0.201424870295
0.0174009626064 0.826387858574
0.318030359126 6.10471347233e-05
0.354313217327 7.96709005154e-06
0.645798927894 0.795004248619 0.686843320224 0.688564072451 -0.149205320725 -0.0410443923296 -0.0427651445567 -8090643898.49 0.0 0.0
0.57520474948 0.295469522476 0.473790001229 0.457718101976 0.279735227004 0.101414748251 0.117486647504 -16872701341.8 0.0 0.0
0.847740256471 0.80367231369 0.797361674422 0.776118781053 0.0440679427808 0.0503785820493 0.0716214754177 850968672.996 0.0 0.0
0.815544812019 0.570539355278 0.756366734935 0.759206000144 0.245005456741 0.0591780770835 0.0563388118746 -838272653.997 0.0 0.0
0.8421036765 1.14080798626 0.738252851311 0.715441550292 -0.298704309759 0.103850825189 0.126662126208 -2309125528.55 0.0 0.0
0.265932276814 1.07120370865 0.403138103999 0.439185056516 -0.805271431835 -0.137205827185 -0.173252779702 2218511991.39 0.0 0.0
0.881420059976 0.792552709579 0.700017890267 0.73129920015 0.0888673503965 0.181402169709 0.150120859826 976284945.429 0.0 0.0
0.853354554565 0.559313893318 0.69045423108 0.673670528466 0.294040661247 0.162900323485 0.179684026099 81110833.7668 0.0 0.0
0.867468809699 0.821795940399 0.675024583634 0.69618892039 0.0456728692998 0.192444226065 0.171279889309 -17407229.9225 0.000351754849245 0.0056561043062
0.820716463011 1.18935763836 0.7897289585 0.775692270071 -0.368641175348 0.0309875045112 0.0450241929399 14166038.973 0.0 0.0
0.846215981961 0.642030239105 0.786734632723 0.781182229075 0.204185742856 0.0594813492376 0.0650337528858 -17407229.9038 0.000280549032843 0.0053802579413
0.646800795796 0.797699809074 0.561185139747 0.590197298188 -0.150899013278 0.085615656049 0.0566034976078 0.0249109364377 0.0220483289513 0.0864096165296
0.791630762989 0.942983627319 0.702768582392 0.663568319365 -0.15135286433 0.0888621805974 0.128062443624 -0.000112056732178 0.0333483861422 0.00970518000367
0.553599915217 1.21081423759 0.759946107076 0.757805796563 -0.657214322378 -0.206346191859 -0.204205881346 4.41074371338e-05 0.0148591146871 0.0137024175045
0.840141471449 1.01666414738 0.788348765761 0.783150766361 -0.176522675928 0.0517927056875 0.0569907050885 -0.00213865190744 0.00923042703504 0.00376900330245
0.823287144646 0.793327927589 0.696969254497 0.701586414987 0.0299592170566 0.126317890149 0.121700729659 -0.000734644010663 0.00917769690444 0.00528059857225
0.700623715781 0.679105639458 0.532549603876 0.536538570022 0.0215180763233 0.168074111905 0.164085145759 -0.000476837158203 0.034415274741 0.00301506554155
0.409278762256 0.363495469093 0.58181546223 0.541841361517 0.0457832931627 -0.172536699974 -0.132562599261 0.000484466552734 0.0355529740216 0.00248574795851
0.819015122699 0.913684487343 0.673249799055 0.64963060838 -0.0946693646438 0.145765323644 0.169384514319 -0.00135040283203 0.0317795866833 0.0100717269921
0.829937249667 0.602137923241 0.713770160555 0.679386147553 0.227799326426 0.116167089112 0.150551102114 -0.0199055373669 0.00577302810985 0.00648096741206
0.746146035101 0.97414457798 0.694497157209 0.70852535738 -0.227998542879 0.0516488778921 0.0376206777211 0.0380675792694 0.00399454390647 0.00401553451897
0.82766756446 -0.0618345737457 0.495559580349 0.579754114851 0.889502138206 0.332107984111 0.247913449609 0.0579465925694 0.00463405272037 0.00532286736832
0.859858448581 0.94758605957 0.796682604955 0.77156619555 -0.0877276109893 0.0631758436264 0.0882922530305 0.0173093676567 0.00758967907954 0.00701546609293
0.823695663901 0.744437932968 0.726165690531 0.740036896279 0.0792577309329 0.0975299733699 0.0836587676219 -0.0335225462914 0.00753230447833 0.00640613727614
0.710178235592 0.824066519737 0.756674904654 0.746817129435 -0.113888284145 -0.0464966690617 -0.0366388938431 0.0600386038423 0.0584661756396 0.0987666760502
0.561991872609 1.02841925621 0.685488889976 0.665154533721 -0.466427383601 -0.123497017367 -0.103162661112 -0.0394284427166 0.00509655597931 0.0140313760619
0.823042016461 1.00837087631 0.701823988767 0.727930274437 -0.185328859851 0.121218027694 0.0951117420238 -201091.982669 0.0 0.0
0.876404433389 0.493986487389 0.647389468795 0.672219380115 0.382417946 0.229014964594 0.204185053274 -0.320426516235 0.00524305392383 0.00523454083305
0.852640948981 0.613822221756 0.672024336823 0.706554176973 0.238818727225 0.180616612158 0.146086772008 0.840226836503 0.00991274545116 0.0101198123994
0.594816630676 0.800892591476 0.604131458719 0.592370843155 -0.2060759608 -0.00931482804297 0.00244578752145 -0.288769517094 0.00894882026496 0.00505613759065
0.830462177823 0.671729445457 0.745379483814 0.758286228873 0.158732732366 0.085082694009 0.0721759489497 -0.633881025016 0.00595452292617 0.00451594604084
0.398215877181 0.880437850952 0.699704804791 0.679533485837 -0.482221973771 -0.30148892761 -0.281317608656 0.326305292547 0.00521870604439 0.00358847874114
0.644599029897 0.654478430748 0.703248588546 0.699591553992 -0.00987940085099 -0.0586495586493 -0.0549925240951 -0.250368312001 0.00542724237472 0.00297783499227
0.698090605191 0.191650629044 0.63486584118 0.606927407357 0.506439976147 0.0632247640113 0.0911631978337 0.191391214728 0.00603187616113 0.00488258495241
0.754378576404 0.828680157661 0.777461215466 0.767038152191 -0.0743015812574 -0.0230826390621 -0.012659575787 -0.248038828373 0.0030190452718 0.00303271648297
0.833968733357 0.609015822411 0.763940462458 0.758619350127 0.224952910946 0.070028270899 0.0753493832295 0.147824821062 0.00255671799035 0.00375908017153
0.826870661058 0.23466694355 0.620746545437 0.671487692047 0.592203717508 0.206124115621 0.155382969011 -0.002973777242 0.00752544524503 0.0051557976444
0.799283071469 0.994363665581 0.758109519275 0.732910620268 -0.195080594112 0.0411735521938 0.0663724512015 -0.0497912080027 0.00677174149082 0.00498627727079
0.758725805802 0.622609853745 0.470477294921 0.503030561268 0.136115952057 0.288248510881 0.255695244534 0.203505124431 0.0065842780053 0.0044155110182
0.813339128297 0.814285039902 0.6349264299 0.659691803946 -0.000945911604733 0.178412698397 0.153647324351 0.541613984853 0.00704745502358 0.00434459193309
0.867816327205 0.578961253166 0.705611493834 0.72715281615 0.288855074039 0.162204833371 0.140663511055 -0.252487767488 0.00278768539589 0.00404333992754
0.747855380322 0.854600429535 0.662175993177 0.696124693543 -0.106745049213 0.0856793871453 0.0517306867785 -0.562657881528 0.00273359731856 0.00685869244232
0.770607165184 0.603294014931 0.760118897683 0.762281979363 0.167313150253 0.0104882675008 0.008325185821 -0.520291954279 0.00160829524434 0.00531419709381
0.842936651469 0.786436915398 0.807798012188 0.786545114932 0.0564997360714 0.0351386392806 0.0563915365374 0.665907993913 0.00262638892519 0.00724053042465
0.695753200202 0.677139163017 0.456200012817 0.482646570721 0.0186140371847 0.239553187385 0.213106629481 0.217812292278 0.00242222348584 0.00753301657122
0.691845641092 0.793116807938 0.806567412829 0.776763547362 -0.101271166846 -0.114721771737 -0.0849179062698 -0.0616550371051 0.00196705237989 0.0131297733588
0.82839849738 0.598782896996 0.765868276281 0.78245737747 0.229615600384 0.062530221099 0.04594111991 0.108797386289 0.00262434857788 0.00707900548234
0.809404489421 1.06931376457 0.771633094162 0.744381883408 -0.259909275151 0.0377713952587 0.0650226060128 -0.311714984477 0.0020598741521 0.00631920711003
0.817949975523 0.461833357811 0.702381917857 0.759681616383 0.356116617712 0.115568057666 0.0582683591404 0.0469135940075 0.0028680541099 0.0078780479901
0.834509827609 0.203937530518 0.497716109437 0.591761630364 0.630572297091 0.336793718172 0.242748197245 -0.34558095783 0.00467396895187 0.00722430435577
0.234674946597 0.25428545475 0.400717654417 0.407614732225 -0.0196105081531 -0.16604270782 -0.172939785628 1.08117452264 0.0220704241597 0.0208908783486
0.833470942732 0.398626565933 0.704045718365 0.688080623477 0.434844376799 0.129425224367 0.145390319255 -1.32342226058 0.00697739814828 0.0211641646859
0.638714250971 0.378165841103 0.461054560174 0.519642500618 0.260548409868 0.177659690797 0.119071750353 0.580492850393 0.00359074375163 0.0145244280465
0.857710405948 0.650772929192 0.782323968255 0.761899020465 0.206937476756 0.0753864376933 0.0958113854828 0.522232718766 0.00837697908375 0.0174414252564
0.627982545971 0.395986437798 0.695069227942 0.706895590226 0.231996108173 -0.0670866819706 -0.078913044255 0.628504671156 0.00968608197991 0.0144178356105
0.781079119292 0.40850520134 0.546534838333 0.647830625159 0.372573917952 0.234544280959 0.133248494133 -0.393646173179 0.00841721851515 0.0168835395947
0.401359686024 0.593960285187 0.663990792565 0.629378331942 -0.192600599163 -0.262631106541 -0.228018645918 -1.21418527886 0.00354562370162 0.0105770366197
0.852249881466 0.606356024742 0.77667516037 0.777871147702 0.245893856724 0.0755747210964 0.0743787337637 1.16596783325 0.00311754986061 0.0124065573787
0.800778977734 0.719853281975 0.690777700238 0.703080403432 0.0809256957592 0.110001277496 0.0976985743016 0.414084360003 0.00528139564284 0.014866620957
0.347892448715 0.477197408676 0.431282464979 0.430950722284 -0.129304959961 -0.0833900162641 -0.083058273569 -0.363704204559 0.0197136370505 0.0133406868167
0.64322066123 0.781683564186 0.632624620391 0.639423499023 -0.138462902956 0.0105960408394 0.00379716220696 -0.393011592329 0.00438569613252 0.00715734169387
0.800028232895 0.332201361656 0.653329055351 0.657009457353 0.467826871239 0.146699177544 0.143018775542 -0.691379535943 0.00410400311924 0.010308084782
0.693661442311 0.488125920296 0.799660937002 0.775645576248 0.205535522015 -0.105999494691 -0.0819841339373 -0.336486693472 0.0031198854073 0.0159723741749
0.785829937107 0.759616732597 0.697414526327 0.662911510389 0.0262132045096 0.0884154107801 0.122918426718 0.645015520044 0.00269602894355 0.0095272211696
0.680292425742 0.943317651749 0.723565551348 0.703349594101 -0.263025226007 -0.0432731256055 -0.0230571683595 -0.00423617847264 0.00520293726759 0.012016149899
0.652556727259 0.707713484764 0.423859931393 0.4994615446 -0.0551567575051 0.228696795866 0.153095182659 0.455965574365 0.00771717663831 0.0199493230515
0.82805558862 0.316591143608 0.764989430771 0.755810440065 0.511464445012 0.0630661578485 0.0722451485552 -0.314120323397 0.00788522407459 0.024292411977
0.731565236256 0.711247205734 0.760799088048 0.758654594822 0.0203180305217 -0.0292338517924 -0.0270893585665 0.223583897576 0.00380797794761 0.0199439389501
0.491971003012 0.702395439148 0.692520383609 0.704104487686 -0.210424436136 -0.200549380597 -0.212133484674 0.479491649196 0.00437365084757 0.0239426805995
0.852386938167 1.15714359283 0.773343845494 0.767212275505 -0.304756654667 0.0790430926735 0.085174662662 -1.156143317 0.0031880897424 0.0159170115734
0.710715821944 0.269665598869 0.463257102078 0.538916898523 0.441050223075 0.247458719866 0.171798923421 0.785541002639 0.00278733663421 0.0160737050283
0.743682702951 -0.163687348366 0.45722945898 0.495227573146 0.907370051317 0.286453243971 0.248455129805 0.179476508871 0.00690580177083 0.0250160055048
0.798991526091 0.606106758118 0.725912891234 0.748557348472 0.192884767973 0.0730786348574 0.0504341776193 -0.635366469622 0.0757865551308 0.0389553515503
0.756792120176 0.580004453659 0.654531909251 0.654035010511 0.176787666517 0.102260210925 0.102757109665 0.181935275905 0.125171861646 0.0413332097415
