0.110734886455
0.264081775047
0.514854614412 6.26113443875e-16
1.0 0.797367906216 0.738242720705 0.0591251855109 0.000260998981826
2.0 0.860580382116 0.830710794878 0.0298695872375 0.000134921355031
3.0 0.85834926324 0.817964331021 0.0403849322185 0.000252371102208
4.0 0.853475290909 0.788087725611 0.0653875652977 0.000180467004853
5.0 0.84357737211 0.798645909945 0.044931462165 0.000205170154829
6.0 0.85192871712 0.853105736109 -0.0011770189893 3.4817114784e-05
7.0 0.856036850328 0.797349400679 0.0586874496485 1.08171423979e-05
8.0 0.826133435015 0.762094884913 0.0640385501015 0.00107746333199
9.0 0.761739309437 0.659279162615 0.102460146822 0.000711611858213
10.0 0.665135868177 0.431551254957 0.23358461322 0.00155576079877
11.0 0.453229570858 0.654334304588 -0.20110473373 0.00275574546759
12.0 0.201521645996 0.305896369359 -0.104374723363 0.00369800089766
13.0 0.809433987834 0.816189707767 -0.00675571993317 0.0208991748803
14.0 0.853889974207 0.803366409663 0.050523564544 0.0170580432216
15.0 0.865520170334 0.818221814627 0.0472983557068 0.0179154630631
16.0 0.850794106766 0.695349872596 0.15544423417 0.0182970759852
17.0 0.829504396303 0.837554438591 -0.00805004228837 0.0109871234994
18.0 0.817513651735 0.705497234382 0.112016417353 0.0830497364937
19.0 0.802298426107 0.764732494751 0.0375659313565 0.0200902344969
20.0 0.757504276967 0.309331241777 0.44817303519 0.00958779211997
21.0 0.758665738462 0.672832189712 0.0858335487502 0.00982292364649
22.0 0.773312621189 0.545228298869 0.22808432232 0.00975771025971
23.0 0.866488403225 0.817040846576 0.0494475566488 0.0179564087099
24.0 0.874876185351 0.732862644474 0.142013540877 0.0210386911699
25.0 0.862149149714 0.814360874023 0.0477882756911 0.00721769662684
26.0 0.858208068062 0.826562009429 0.0316460586334 0.00451993868545
27.0 0.866965686516 0.820100672621 0.046865013895 0.0
28.0 0.610199028269 0.784312251772 -0.174113223503 0.00529366965923
29.0 0.870025692183 0.788740100332 0.0812855918507 0.00437254745151
30.0 0.874797518299 0.829435770138 0.0453617481605 0.00315290951426
31.0 0.864267087396 0.818763884755 0.0455032026406 0.00209115855907
32.0 0.841471668278 0.836132665639 0.00533900263869 0.00211413116376
33.0 0.842565632659 0.823624525021 0.0189411076377 0.0023219828336
34.0 0.818741020547 0.757601197088 0.0611398234593 0.00263167898108
35.0 0.782915125881 0.75218125326 0.0307338726206 0.00176084536637
25.0 0.835262157743 0.819365927908 0.0158962298346 0.0013853552603
29.0 0.849284670213 0.713555806886 0.135728863327 0.0021662817474
30.0 0.859660505959 0.817917846219 0.04174265974 0.00158154199809
31.0 0.860814379415 0.79306640107 0.0677479783449 0.00174925620436
32.0 0.847453251849 0.820893022974 0.0265602288749 0.00181715082652
3.0 0.831138948291 0.813785590089 0.0173533582018 0.00160929050911
4.0 0.815544812019 0.647630983354 0.167913828665 0.00109990645823
5.0 0.799283071469 0.789753256685 0.00952981478374 0.00131547150984
6.0 0.811626239916 0.812151107654 -0.000524867738307 0.00173828442822
7.0 0.81472899248 0.803201927746 0.0115270647336 0.0011728036223
9.0 0.698090605191 0.539650202152 0.158440403039 0.0013578743088
10.0 0.57109343066 0.348239810938 0.222853619722 0.00153687545262
11.0 0.470150178151 0.655662515858 -0.185512337707 0.00119962946268
12.0 0.362028396382 0.28650350234 0.0755248940416 0.00172185176587
13.0 0.818951136094 0.76405153452 0.0548996015742 0.0010574271428
14.0 0.826512552458 0.652863699191 0.173648853267 0.00127302922375
16.0 0.82805558862 0.693892587344 0.134163001276 0.00146663822666
18.0 0.806618291692 0.677660065584 0.128958226108 0.0013549712084
19.0 0.791630762989 0.74053006273 0.0511007002588 0.00127874276002
20.0 0.57520474948 0.303056597768 0.272148151712 0.00105581469182
21.0 0.710715821944 0.563942420818 0.146773401126 0.00138553888333
24.0 0.82653742244 0.672757207712 0.153780214728 0.00137101660825
26.0 0.83335132482 0.79062163169 0.0427296931302 0.00121740306977
34.0 0.827892511079 0.739976353945 0.0879161571336 0.00109026436345
35.0 0.806840390225 0.757864538188 0.0489758520371 0.0012778067622
3.0 0.814897676407 0.797194086194 0.0177035902131 0.00133812269099
4.0 0.806696144196 0.759251179203 0.0474449649926 0.0015152458737
5.0 0.807980407878 0.775565037154 0.0324153707239 0.00100004522345
6.0 0.814215193123 0.815341549327 -0.00112635620394 0.00109634235588
7.0 0.812090614628 0.799166481284 0.0129241333443 0.0010268438717
9.0 0.720134378141 0.542530965968 0.177603412173 0.000838110981325
10.0 0.572074815485 0.352919810932 0.219155004553 0.000890906455192
11.0 0.493056803336 0.659629351623 -0.166572548287 0.000906291495727
12.0 0.200326011493 0.286216585593 -0.0858905741002 0.00109080105589
13.0 0.843458938273 0.801583656261 0.0418752820123 0.0011896012801
14.0 0.856641434625 0.762272464043 0.0943689705819 0.00104685455755
16.0 0.811134529589 0.694039485846 0.117095043743 0.00107468134253
18.0 0.844944905513 0.690779836135 0.154165069378 0.000808934087886
19.0 0.761653846319 0.724385377441 0.0372684688778 0.0013329528611
20.0 0.49244675259 0.289605775573 0.202840977017 0.00153275788876
21.0 0.753542918394 0.691892394274 0.0616505241195 0.00141016054893
24.0 0.846242838066 0.709342572789 0.136900265277 0.00214000928639
26.0 0.847078897902 0.789559177076 0.0575197208263 0.641666030051
