0.475668552898
0.133295190516
0.128300801947
-6.17461470715
0.436597640104
0.478026512866
0.181609195402 0.158704686128
0.347126436782 0.00706010946333
0.457471264368 0.000384697272165
0.837028010192 0.855088692533 0.796158886497 0.811994768311 -0.0180606823412 0.0408691236954 0.0250332418808 5.55075733641e-14 0.0 0.0
0.459574067645 -0.211783519417 0.381412856413 0.412671284187 0.671357587062 0.0781612112317 0.0469027834585 -1.49300277003e-13 0.0 0.0
0.867486823293 1.22031100535 0.815513687216 0.810339291474 -0.352824182056 0.0519731360768 0.0571475318194 -2.27009166673e-14 0.0 0.0
0.822183373458 1.10507568294 0.817324706836 0.816099697328 -0.282892309483 0.00485866662181 0.00608367613005 -1.09972035818e-12 0.0 0.0
0.644880388056 0.746419241078 0.766854841964 0.778957540243 -0.101538853022 -0.121974453908 -0.134077152187 3.2132499786e-13 0.0 0.0
0.314578087845 0.437841877734 0.514170007853 0.547038481411 -0.123263789889 -0.199591920008 -0.232460393566 1.79251578858e-13 0.0 0.0
0.868161774727 1.08392031178 0.824662195089 0.825895081172 -0.215758537056 0.0434995796379 0.0422666935547 -1.43096472172e-13 0.0 0.0
0.551313568752 0.599538827132 0.383344734773 0.393078468271 -0.0482252583804 0.167968833979 0.158235100481 1.24390081568e-13 0.0 0.0
0.470814850125 0.946494234363 0.463306576372 0.497445502532 -0.475679384238 0.00750827375344 -0.0266306524071 -7.30006333161e-14 0.0 0.0
0.376435150868 1.10403755233 0.397372777713 0.401800312421 -0.727602401465 -0.0209376268455 -0.0253651615532 3.63736818443e-14 0.0 0.0
0.81753926839 1.20555541288 0.820650703828 0.820620156978 -0.388016144492 -0.00311143543787 -0.00308088858763 -1.57561463876e-13 0.0 0.0
0.812906185043 1.03900906924 0.792774320507 0.791418906825 -0.226102884192 0.0201318645357 0.0214872782181 0.0586621865119 0.00436789470662 0.0163904848174
0.641263283095 -0.295022573452 0.378295750305 0.405091257135 0.936285856547 0.26296753279 0.23617202596 -0.00140039786765 0.0149796583695 0.00434652919498
0.808926412596 0.737150164501 0.823467091312 0.821760450262 0.0717762480954 -0.014540678716 -0.012834037666 -0.000196108295945 0.000910524510457 0.00308759393496
0.761161311903 0.959710349262 0.82160707142 0.816429043148 -0.198549037359 -0.0604457595173 -0.0552677312451 -0.00807897638196 0.00133985021911 0.000503532583549
0.863139925529 0.995698477307 0.773129247578 0.789729274146 -0.132558551778 0.0900106779511 0.073410651383 -0.00259168694019 0.010181635929 0.00214258482433
0.6082319827 1.03507510496 0.823558091761 0.818478089169 -0.426843122263 -0.215326109061 -0.210246106469 -0.000427334518201 0.0215330510413 0.00732619983153
0.767050062899 0.614097852725 0.69267475994 0.647501077861 0.152952210174 0.0743753029595 0.119548985038 -0.000337235156274 0.00281493239814 0.00114055402753
0.84132918164 0.890179735305 0.757411721801 0.774625466143 -0.0488505536647 0.0839174598393 0.0667037154973 0.000183074310487 0.0185982208146 0.00155093072462
0.780694820364 0.898417105582 0.746130324344 0.709070638627 -0.117722285218 0.0345644960198 0.0716241817367 0.0130148226839 0.00265514654282 0.000432905122294
0.751261165354 -0.696833127761 0.436600599047 0.452692185738 1.44809429312 0.314660566307 0.298568979616 0.0925379430246 0.00113241941933 0.000662272182078
0.839436763634 1.0096172921 0.828238619348 0.822613347971 -0.170180528464 0.0111981442859 0.0168234156632 0.0265062906341 0.00133254909371 0.00344136276972
0.654653842653 0.907413814961 0.827868526241 0.814370369682 -0.252759972308 -0.173214683588 -0.159716527029 -0.0826947780867 0.00337277676429 0.00106640087892
0.763768349502 0.605589699179 0.499249171301 0.538841287511 0.158178650323 0.264519178201 0.224927061991 -0.0916569696117 0.000928337356894 0.00156147000906
0.259651621786 -0.658887906807 0.379983464809 0.397445092333 0.918539528593 -0.120331843023 -0.137793470547 0.0890003362339 0.00144541255847 0.0430440893141
0.883341843399 0.637573009046 0.811043287099 0.821717415987 0.245768834353 0.0722985562999 0.0616244274121 -0.104988111831 0.00078789978997 0.00895716959406
0.875958665224 0.596595095382 0.790440377746 0.806586301662 0.279363569842 0.0855182874781 0.0693723635622 8.06646416329e-14 0.0 0.0
0.672403100838 1.05731474784 0.824284823836 0.815821649056 -0.384911646999 -0.151881722998 -0.143418548218 0.242286281512 0.00206691135153 0.00136845549287
0.434650322458 1.08147555794 0.605809400191 0.597544479211 -0.646825235483 -0.171159077733 -0.162894156753 -0.41673260907 0.0139104537539 0.00802020461998
0.69393557506 1.11389010663 0.824499211755 0.813733140148 -0.419954531574 -0.130563636695 -0.119797565088 0.124654660357 0.0011731213953 0.00333689980152
