RMSE(LR) = 0.11340751485
Explained Variance(LR) = 0.228129760769
Kendall Tau, P_value(LR) = 0.559734513274 1.51138863696e-18

Resid Measured_s2   Predicted_s2  s2_diff          Regression Coefficients
1.0 0.797367906216 0.724935155278 0.0724327509377 0.0358499031361
2.0 0.860580382116 0.814373217422 0.0462071646944 -0.0221012555546
3.0 0.85834926324 0.880116712377 -0.0217674491375 -0.00575185202242
4.0 0.853475290909 0.762888176098 0.0905871148113 -0.00233625843972
5.0 0.84357737211 0.754896194328 0.0886811777816 -0.00190343534215
6.0 0.85192871712 0.829840955758 0.0220877613617 -0.00896196765627
7.0 0.856036850328 0.791210236167 0.0648266141609 0.00520486587915
8.0 0.826133435015 0.739183828923 0.0869496060919 0.0133558069278
9.0 0.761739309437 0.619985695776 0.141753613661 -0.0252727551727
10.0 0.665135868177 0.468441844937 0.19669402324 0.0115324184005
11.0 0.453229570858 0.690783039106 -0.237553468248 0.000384529844391
12.0 0.201521645996 0.356357809369 -0.154836163373 0.0436434465933
13.0 0.809433987834 0.8074410117 0.0019929761337 2.71412099967e-05
14.0 0.853889974207 0.781433016001 0.0724569582056 -2.05624484529e-05
15.0 0.865520170334 0.87443134971 -0.00891117937551 0.000522366882811
16.0 0.850794106766 0.701872758169 0.148921348597 0.00344019551642
17.0 0.829504396303 0.827302133449 0.0022022628536 -6.0597924956e-05
18.0 0.817513651735 0.643949089665 0.17356456207 6.0845454535e-05
19.0 0.802298426107 0.778722648285 0.0235757778224 -0.000134673465718
20.0 0.757504276967 0.441770732406 0.315733544561 -0.00253058950539
21.0 0.758665738462 0.613004773475 0.145660964987 -0.00341603529268
22.0 0.773312621189 0.563247208729 0.21006541246 -0.00859197658259
23.0 0.866488403225 0.817344626725 0.0491437764999 -0.0123947580096
24.0 0.874876185351 0.751131350342 0.123744835009 -0.0121112455867
25.0 0.862149149714 0.819533006836 0.0426161428782 0.0308721649835
26.0 0.858208068062 0.805384770743 0.0528232973189 -0.0018336188299
27.0 0.866965686516 0.94770525893 -0.0807395724136 8.84708972748e-17
28.0 0.610199028269 0.86434147033 -0.254142442061 0.0587507551647
29.0 0.870025692183 0.784424179687 0.0856015124964 -0.0208118895003
30.0 0.874797518299 0.87211490266 0.00268261563938 0.0309766940344
31.0 0.864267087396 0.878601793581 -0.0143347061855 -0.0381250999534
32.0 0.841471668278 0.881800915547 -0.0403292472687 0.0592539624373
33.0 0.842565632659 0.874035603853 -0.031469971194 -0.0526047188953
34.0 0.818741020547 0.761688243349 0.057052777198 0.047225419104
35.0 0.782915125881 0.751329993122 0.0315851327585 -0.0148759129155
25.0 0.835262157743 0.87926599613 -0.0440038383875 -0.0337803584506
29.0 0.849284670213 0.708880895782 0.140403774431 -0.0855076312229
30.0 0.859660505959 0.844860633655 0.014799872304 0.0423853432306
31.0 0.860814379415 0.81267342694 0.0481409524746 -0.0214480006725
32.0 0.847453251849 0.848592538867 -0.00113928701831 0.119767985052
3.0 0.831138948291 0.835202174791 -0.0040632265002 -0.018071625628
4.0 0.815544812019 0.673883731423 0.141661080596 -0.0226083053353
5.0 0.799283071469 0.744854761689 0.0544283097801 -0.0522567882076
6.0 0.811626239916 0.752790592647 0.058835647269 0.0509503853997
7.0 0.81472899248 0.770181444357 0.0445475481232 -0.0309000937315
9.0 0.698090605191 0.502677636663 0.195412968528 0.00803253639094
10.0 0.57109343066 0.32132634958 0.24976708108 -0.0778377672521
11.0 0.470150178151 0.690196060415 -0.220045882264 0.0354888484975
12.0 0.362028396382 0.265221710013 0.0968066863686 0.101488726853
13.0 0.818951136094 0.749099547887 0.0698515882068 -0.0590563944326
14.0 0.826512552458 0.665281698029 0.161230854429 0.0590662902408
16.0 0.82805558862 0.700942856058 0.127112732562 -0.0153157547856
18.0 0.806618291692 0.654411048511 0.152207243181 -0.0515677285836
19.0 0.791630762989 0.697066492601 0.094564270388 0.0229495749155
20.0 0.57520474948 0.445542122362 0.129662627118 -0.023519648114
21.0 0.710715821944 0.55146742257 0.159248399374 0.00403067011796
24.0 0.82653742244 0.687953856364 0.138583566076 0.000650473830387
26.0 0.83335132482 0.787967834175 0.045383490645 -0.024196785788
34.0 0.827892511079 0.745987291947 0.0819052191317 0.020943927445
35.0 0.806840390225 0.728644767844 0.0781956223811 0.059294870159
3.0 0.814897676407 0.794460294361 0.0204373820464 -0.0758849353096
4.0 0.806696144196 0.735914397139 0.0707817470571 0.130547133981
5.0 0.807980407878 0.717018143638 0.0909622642397 -0.1511321649
6.0 0.814215193123 0.759760800021 0.0544543931022 0.0285573588289
7.0 0.812090614628 0.774577115522 0.0375134991058 -0.0262387454495
9.0 0.720134378141 0.545825672111 0.17430870603 0.0503720814197
10.0 0.572074815485 0.336258770484 0.235816045001 -0.0684171502874
11.0 0.493056803336 0.639853714901 -0.146796911565 0.0623595879063
12.0 0.200326011493 0.313119960912 -0.112793949419 0.106854486152
13.0 0.843458938273 0.804243288183 0.0392156500899 -0.0835653435978
14.0 0.856641434625 0.739471214324 0.117170220301 0.0337829124427
16.0 0.811134529589 0.699774934261 0.111359595328 0.189698532335
18.0 0.844944905513 0.596991137971 0.247953767542 -0.323878808735
19.0 0.761653846319 0.657439973226 0.104213873093 0.148271419082
20.0 0.49244675259 0.358859760222 0.133586992368 -0.0853201018474
21.0 0.753542918394 0.65193270878 0.101610209614 0.0809825813449
24.0 0.846242838066 0.695464724365 0.150778113701 -0.113521640649

__________________________________________________________________

RMSE(RF) = 0.104267902082
Explained Variance(RF) = 0.347527969036
Kendall Tau, P_value(RF) = 0.445006321113 2.80057112689e-12

Resid  Measured_s2  Predicted_s2    s2_diff       Feature Importances 
1.0 0.797367906216 0.680745460323 0.116622445893 0.00125310401282
2.0 0.860580382116 0.829921964484 0.0306584176315 0.000197627982471
3.0 0.85834926324 0.822698391193 0.0356508720467 0.000159048657886
4.0 0.853475290909 0.810604884932 0.0428704059768 0.000114680921861
5.0 0.84357737211 0.810168418495 0.0334089536151 0.000107582427563
6.0 0.85192871712 0.83036433378 0.0215643833401 1.62347267697e-05
7.0 0.856036850328 0.741571823406 0.114465026922 1.49891280844e-05
8.0 0.826133435015 0.582301198507 0.243832236508 0.00500840343748
9.0 0.761739309437 0.653292656901 0.108446652536 0.00123776749894
10.0 0.665135868177 0.444247791462 0.220888076715 0.00250327484349
11.0 0.453229570858 0.726092880329 -0.272863309471 0.00164746464088
12.0 0.201521645996 0.369201268878 -0.167679622882 0.0749780175364
13.0 0.809433987834 0.83725845038 -0.0278244625457 0.0469573248123
14.0 0.853889974207 0.817157774284 0.0367321999231 0.0280523296078
15.0 0.865520170334 0.805989282551 0.0595308877827 0.026800271972
16.0 0.850794106766 0.692789709958 0.158004396808 0.0385476197331
17.0 0.829504396303 0.794184056366 0.0353203399368 0.0165711666998
18.0 0.817513651735 0.700991221402 0.116522430333 0.115022728947
19.0 0.802298426107 0.793441485704 0.00885694040332 0.0535002569326
20.0 0.757504276967 0.622508999129 0.134995277838 0.0109225762955
21.0 0.758665738462 0.494188083442 0.26447765502 0.00772335061201
22.0 0.773312621189 0.654883403134 0.118429218055 0.013142241681
23.0 0.866488403225 0.781571839905 0.0849165633204 0.0540090603804
24.0 0.874876185351 0.750691756218 0.124184429133 0.0237064667181
25.0 0.862149149714 0.800163986234 0.0619851634796 0.350481801479
26.0 0.858208068062 0.825540833332 0.0326672347302 0.00456563675312
27.0 0.866965686516 0.814485513756 0.0524801727604 0.0
28.0 0.610199028269 0.742141024242 -0.131941995973 0.00257457739449
29.0 0.870025692183 0.785087756391 0.0849379357924 0.00229605388226
30.0 0.874797518299 0.837288545974 0.0375089723251 0.00209030083029
31.0 0.864267087396 0.827354254401 0.0369128329948 0.00216123743881
32.0 0.841471668278 0.824399487551 0.0170721807274 0.001347613788
33.0 0.842565632659 0.809064816706 0.0335008159534 0.00117175844714
34.0 0.818741020547 0.804057598651 0.0146834218957 0.00192875478375
35.0 0.782915125881 0.753969401939 0.0289457239415 0.00101107515309
25.0 0.835262157743 0.791668024816 0.0435941329265 0.00202197165769
29.0 0.849284670213 0.801808907182 0.0474757630311 0.00166552846339
30.0 0.859660505959 0.830245155094 0.0294153508649 0.00117436455416
31.0 0.860814379415 0.815192326919 0.0456220524958 0.00165990240645
32.0 0.847453251849 0.804557833419 0.0428954184298 0.00177002957326
3.0 0.831138948291 0.811273889396 0.0198650588952 0.0020434238969
4.0 0.815544812019 0.797939652341 0.0176051596779 0.00291659406218
5.0 0.799283071469 0.789965732666 0.00931733880307 0.00495829300277
6.0 0.811626239916 0.827060185858 -0.0154339459423 0.00399121587386
7.0 0.81472899248 0.737683335569 0.0770456569111 0.00575447576594
9.0 0.698090605191 0.629954947143 0.0681356580484 0.00319955385511
10.0 0.57109343066 0.392376838578 0.178716592082 0.00369197468548
11.0 0.470150178151 0.740864912979 -0.270714734828 0.00156670876139
12.0 0.362028396382 0.343272046105 0.0187563502772 0.00181789666841
13.0 0.818951136094 0.826931173511 -0.00798003741747 0.00192856747091
14.0 0.826512552458 0.785586564611 0.0409259878468 0.00129244046244
16.0 0.82805558862 0.686058948613 0.141996640007 0.00230285356508
18.0 0.806618291692 0.699538975054 0.107079316638 0.00698160177186
19.0 0.791630762989 0.777168753018 0.0144620099706 0.00888154336031
20.0 0.57520474948 0.611606229369 -0.0364014798891 0.00223033745341
21.0 0.710715821944 0.541613262018 0.169102559926 0.00128004676745
24.0 0.82653742244 0.744578362318 0.0819590601222 0.000990354079426
26.0 0.83335132482 0.812231618509 0.0211197063108 0.00127083536587
34.0 0.827892511079 0.801922843114 0.0259696679653 0.00148815155212
35.0 0.806840390225 0.765037902322 0.0418024879029 0.00219467667194
3.0 0.814897676407 0.822817481974 -0.00791980556726 0.00378772869756
4.0 0.806696144196 0.806423436352 0.000272707844179 0.00193108745221
5.0 0.807980407878 0.796138737183 0.0118416706954 0.00293921482015
6.0 0.814215193123 0.831218831285 -0.0170036381621 0.00519397812918
7.0 0.812090614628 0.733658068946 0.0784325456824 0.00360622491459
9.0 0.720134378141 0.634054532641 0.0860798454997 0.000840968362001
10.0 0.572074815485 0.403585288291 0.168489527194 0.000972725618978
11.0 0.493056803336 0.73520040319 -0.242143599854 0.00110841651094
12.0 0.200326011493 0.360520481385 -0.160194469892 0.00138604345708
13.0 0.843458938273 0.829615772465 0.0138431658083 0.00111223470021
14.0 0.856641434625 0.798974302439 0.0576671321863 0.00104298444202
16.0 0.811134529589 0.687331632395 0.123802897194 0.00164263009201
18.0 0.844944905513 0.698320782269 0.146624123244 0.00128834698113
19.0 0.761653846319 0.781471958123 -0.019818111804 0.00349681167142
20.0 0.49244675259 0.61335489399 -0.1209081414 0.00206043605599
21.0 0.753542918394 0.567995346323 0.185547572071 0.00233750219908
24.0 0.846242838066 0.746674675315 0.0995681627507 0.00435692399171
