0.258657189127
0.125109557716
0.120117356586
-2.15023784557
0.262986887263
0.320630931778
0.298778230285 0.000165846627077
0.412810070344 1.95663828434e-07
0.478711588301 1.59861271363e-09
0.671696121785 0.451580286026 0.611966754643 0.627137050471 0.220115835759 0.0597293671424 0.0445590713141 -4620680221.45 0.0 0.0
0.49244675259 0.394420266151 0.433527084128 0.414022595102 0.0980264864386 0.0589196684624 0.0784241574881 9269697197.9 0.0 0.0
0.830015354782 0.644565105438 0.774340554745 0.762077672379 0.185450249344 0.0556748000374 0.0679376824029 1736631223.22 0.0 0.0
0.806696144196 0.744441151619 0.789696229164 0.768892332425 0.062254992577 0.0169999150317 0.037803811771 1039533167.09 0.0 0.0
0.849064818472 1.13323438168 0.694309907474 0.716851231699 -0.284169563204 0.154754910998 0.132213586773 -1756929359.61 0.0 0.0
0.237307368923 0.54768717289 0.357872219561 0.363963044284 -0.310379803967 -0.120564850638 -0.126655675361 1140888926.74 0.0 0.0
0.892921135607 0.828230023384 0.80807712547 0.791265246064 0.0646911122229 0.0848440101375 0.101655889543 452026308.94 0.0 0.0
0.834918094204 0.671362876892 0.737640745414 0.726441698123 0.163555217312 0.0972773487899 0.108476396081 69215481.7481 0.0 0.0
0.883364174988 1.16865301132 0.76075977153 0.772023318028 -0.285288836334 0.122604403458 0.11134085696 2338191.09984 0.00107600691635 0.00754975194496
0.825380286061 0.943259119987 0.772569241272 0.764478016808 -0.117878833926 0.0528110447894 0.0609022692532 -838015.121381 0.0 0.0
0.851711517786 1.15940141678 0.781014318005 0.792663995714 -0.307689898993 0.0706971997807 0.0590475220722 2338191.03397 0.00142236646983 0.00827992296631
0.672875904527 0.351006031036 0.539164489179 0.55185235673 0.321869873491 0.133711415348 0.121023547797 0.0843315105885 0.0075548306998 0.038629827338
0.761653846319 0.691549420357 0.734488765746 0.721491538132 0.0701044259622 0.0271650805729 0.0401623081868 -0.000184059143066 0.0207230877993 0.00610057612401
0.648696034398 0.523072719574 0.76144013594 0.750291582725 0.125623314824 -0.112744101542 -0.101595548327 0.000222980976105 0.0210966414194 0.0179600411476
0.848501766158 0.770203828812 0.792088256604 0.773685831927 0.0782979373464 0.0564135095539 0.0748159342313 -0.000399820506573 0.00670040629457 0.00427164348577
0.851832144277 0.445845842361 0.737467970833 0.739287853826 0.405986301916 0.114364173444 0.112544290451 0.00419986993074 0.00568754171575 0.00733048065221
0.714281463048 0.120297551155 0.500079126203 0.509824736607 0.593983911893 0.214202336845 0.204456726441 -0.000509262084961 0.0521153798307 0.00829686749059
0.385951090283 0.55854177475 0.493269450384 0.468182113233 -0.172590684467 -0.107318360101 -0.0822310229499 0.000503540039062 0.0346070875528 0.00520961294404
0.813113279479 1.02275967598 0.558729535031 0.602906589716 -0.209646396501 0.254383744448 0.210206689763 -0.000465087592602 0.0359042099602 0.0105475960519
0.846427379467 0.883124828339 0.693078781643 0.681516364244 -0.0366974488716 0.153348597824 0.164911015223 -0.0220066159964 0.00529532984923 0.00989219438009
0.811596240983 1.02645587921 0.793645020687 0.787728634211 -0.214859638228 0.0179512202961 0.0238676067723 0.0126186311245 0.00290184035717 0.00684675008156
0.792075897846 0.412489295006 0.53722686279 0.534217578006 0.37958660284 0.254849035056 0.25785831984 0.00245378911495 0.00473836980408 0.00492854623953
0.869010388905 0.296722054482 0.771968838294 0.766847602707 0.572288334423 0.0970415506109 0.102162786198 -0.0375516563654 0.0102401967478 0.00876552226045
0.843370191456 0.503462553024 0.800265225203 0.777008652596 0.339907638432 0.043104966253 0.0663615388597 -0.0596249699593 0.00764622597592 0.0132774703146
0.741288375134 0.52369093895 0.709856892634 0.697502525337 0.217597436184 0.0314314824997 0.0437858497968 -0.0112929418683 0.107046960539 0.101062477403
0.593177042242 0.365218877792 0.70128155795 0.672346404131 0.22795816445 -0.108104515708 -0.0791693618885 0.00294968485832 0.00533179943372 0.0123847943888
0.858560675874 0.859909176826 0.75077588133 0.763142249667 -0.00134850095248 0.107784794544 0.0954184262067 101205.731205 0.0 0.0
0.84989686141 0.910050153732 0.7370885782 0.750856212927 -0.0601532923223 0.11280828321 0.0990406484834 0.0483848787844 0.00746461584066 0.0068967182049
0.838585319164 0.789219737053 0.751124171826 0.754218818802 0.0493655821111 0.0874611473378 0.0843665003616 -0.0980708850548 0.00478325048679 0.00407992958248
0.622356268878 0.319303274155 0.546381095342 0.579852982407 0.303052994723 0.0759751735364 0.0425032864712 0.21397058107 0.00671568536045 0.0047051330971
0.850516634383 0.820724129677 0.781050232442 0.779335321587 0.0297925047062 0.0694664019411 0.0711813127965 -0.359684595838 0.00811842577257 0.00597786028816
0.424683395663 0.834043502808 0.658701866317 0.654723455475 -0.409360107145 -0.234018470654 -0.230040059812 0.342220718041 0.00825455148014 0.00748843494212
0.555572228156 0.729391217232 0.770688887804 0.762849552913 -0.173818989076 -0.215116659648 -0.207277324757 -0.274967173114 0.0157764420237 0.0107363758099
0.720134378141 0.856568217278 0.592939701786 0.600354193007 -0.136433839137 0.127194676355 0.119780185134 0.287128819153 0.00835175787505 0.00508296770099
0.722082122961 0.372973680496 0.790573384086 0.76484841623 0.349108442465 -0.0684912611249 -0.0427662932693 -0.0411712899804 0.00396156151938 0.00778989022826
0.835007720872 0.614725828171 0.774435911538 0.743721289058 0.220281892701 0.0605718093343 0.0912864318142 -0.047210464254 0.0108173348697 0.00665407994729
0.83895648679 0.376915097237 0.671432486761 0.72902678868 0.462041389553 0.167524000029 0.10992969811 0.294954481535 0.0113270794842 0.00839836516887
0.807980407878 0.875930070877 0.75907656155 0.74265198631 -0.0679496629991 0.0489038463283 0.0653284215677 -0.295018507168 0.00842676091687 0.00504508386699
0.792388775631 1.03238904476 0.481569975949 0.484608411311 -0.240000269131 0.310818799682 0.30778036432 -0.154341756366 0.00871901721493 0.00855942098889
0.789833458724 1.09367251396 0.674222369098 0.705024011168 -0.303839055238 0.115611089626 0.0848094475563 -0.0724914707243 0.0103344639256 0.00892646618194
0.884873454147 0.917020797729 0.78708923037 0.79082182004 -0.0321473435825 0.0977842237768 0.094051634107 -0.0236681010574 0.00375567675832 0.00532997074495
0.698343952492 0.588329434395 0.73135795713 0.743435437805 0.110014518097 -0.0330140046384 -0.0450914853128 0.192809166387 0.0043985689179 0.00539449779163
0.759154886 0.952649831772 0.735315685113 0.733181918297 -0.193494945772 0.0238392008866 0.0259729677032 0.0322408601642 0.00449952946013 0.00943398223226
0.845060798027 0.652648568153 0.779802602927 0.773223566806 0.192412229874 0.0652581950998 0.071837231221 1.11359581165 0.00150304315088 0.0043217222672
0.659743647428 0.894594788551 0.494666614108 0.462117255575 -0.234851141123 0.16507703332 0.197626391853 -0.521764513105 0.00564667292944 0.00771736590976
0.706416633913 0.459977149963 0.817483794025 0.793113201298 0.24643948395 -0.111067160112 -0.0866965673854 -1.1414935533 0.0041317663085 0.00696621036192
0.800062033685 0.593084335327 0.788988560856 0.786082945145 0.206977698358 0.0110734728294 0.0139790885403 0.638223221526 0.0059722451119 0.00623958223568
0.837657138921 0.851130843163 0.77649651087 0.771113412129 -0.0134737042415 0.0611606280512 0.0665437267916 0.394672681578 0.0111250045946 0.0152244350672
0.872023909376 0.899386644363 0.716064269121 0.765730217702 -0.0273627349874 0.155959640255 0.106293691674 0.296280073002 0.0118868935556 0.0128313352624
0.83485506051 0.507577419281 0.554956067935 0.589130676534 0.327277641229 0.279898992575 0.245724383976 -0.809008467942 0.067293112962 0.0245143088445
0.350068114957 0.18264734745 0.32078140885 0.368889174148 0.167420767507 0.0292867061069 -0.0188210591913 -0.605692654848 0.0153443191012 0.0271020312205
0.835214697086 1.22003424168 0.765590322937 0.747563037685 -0.38481954459 0.069624374149 0.0876516594006 -0.173181198537 0.0265052996795 0.0361981369089
0.492045314391 0.65925526619 0.488186259667 0.522708128195 -0.167209951799 0.00385905472431 -0.0306628138041 1.21580711752 0.00569195203498 0.0244552920428
0.872011731244 1.17489552498 0.788145580255 0.786428354927 -0.302883793735 0.0838661509886 0.0855833763166 0.103100251406 0.0151851527366 0.0231741451731
0.64618948158 0.744164466858 0.763540745177 0.770073448398 -0.0979749852779 -0.117351263597 -0.123883966818 -0.947879504412 0.0114290365641 0.0209115482002
0.758744807831 0.127866387367 0.650329122273 0.640724510627 0.630878420464 0.108415685558 0.118020297204 0.228665072471 0.00389602297505 0.0110590947215
0.376183626409 0.506608843803 0.611677349296 0.610108711489 -0.130425217394 -0.235493722887 -0.23392508508 1.05017001182 0.00496236842493 0.013357901799
0.83821117175 0.556901574135 0.791589401018 0.780026078607 0.281309597615 0.0466217707321 0.0581850931428 -0.737279204652 0.00543180347874 0.010264681204
0.778522801517 0.670829176903 0.766181455768 0.752978319112 0.107693624614 0.0123413457493 0.0255444824051 0.559565644711 0.0042574714015 0.0147740412719
0.374353339888 0.968078970909 0.376848916503 0.388430713529 -0.593725631021 -0.00249557661549 -0.0140773736406 -0.519114509225 0.0012385490603 0.0118895492601
0.651995687637 0.480536222458 0.605365033011 0.636012539455 0.171459465179 0.0466306546259 0.0159831481818 0.394758440554 0.00331695245051 0.0107877233759
0.744444891757 0.60911667347 0.667372993299 0.675803091813 0.135328218287 0.0770718984577 0.0686417999443 -1.52920299768 0.00747467665322 0.0124024558849
0.745383778025 0.645318627357 0.775644494279 0.751441395095 0.100065150668 -0.0302607162545 -0.00605761706952 0.971880916506 0.00357322453495 0.0177758093824
0.825728612782 0.588094115257 0.702160707311 0.679737980732 0.237634497525 0.123567905471 0.14599063205 0.383180703968 0.00721910440963 0.0168752993311
0.687894187072 0.671442747116 0.69080820716 0.690632226207 0.0164514399559 -0.00291402008755 -0.00273803913511 -0.963465679437 0.00757944402986 0.0103767009734
0.646679793343 0.387055158615 0.424641418682 0.458972666744 0.259624634728 0.222038374661 0.187707126599 1.00247146934 0.0107283362408 0.0259187508258
0.811134529589 0.964047431946 0.744571197646 0.75643868085 -0.152912902357 0.0665633319428 0.0546958487395 -0.209422364831 0.024333429571 0.0205684791789
0.75558494381 0.898006916046 0.749312775824 0.741401015429 -0.142421972236 0.00627216798573 0.0141839283807 0.259757088497 0.00780072659213 0.0296088233008
0.556916591699 0.591621518135 0.705396461825 0.714227929763 -0.0347049264361 -0.148479870126 -0.157311338064 1.47968530655e-05 0.0169003120695 0.0243498096072
0.882050742869 1.18973517418 0.725668836254 0.745451666458 -0.30768443131 0.156381906615 0.136599076411 -0.896834071726 0.0168884271503 0.0263887870441
0.753542918394 0.597095370293 0.650278344822 0.63526304054 0.156447548101 0.103264573572 0.118279877854 0.430236618966 0.0520459874296 0.0222142418252
0.749947861681 1.0409103632 0.468131281601 0.468766630062 -0.290962501516 0.28181658008 0.281181231619 0.730810385197 0.088755906156 0.0206498655933
0.785042699919 0.434651613235 0.757541195595 0.747041700448 0.350391086684 0.0275015043235 0.0380009994707 -0.699432406574 0.0562956438881 0.0297783794886
0.738108593363 0.462765097618 0.662180127751 0.666962915342 0.275343495745 0.075928465612 0.071145678021 -0.0595112005249 0.00609146465065 0.0246302562285
