0.196340069043
0.129343530975
0.131553761118
-0.118503646111
0.514589741053
0.497858560172
0.21164021164 0.113987483197
0.206349206349 0.123314722283
0.280423280423 0.0362429682515
0.866888742353 0.812916305378 0.80855156134 0.793829472532 0.0539724369751 0.0583371810129 0.0730592698212 2.90241409465e-13 0.0 0.0
0.663374523735 0.782638036654 0.83384130149 0.825190981529 -0.119263512919 -0.170466777755 -0.161816457794 7.79988053312e-14 0.0 0.0
0.837140587325 0.880418057233 0.843575493215 0.837033330981 -0.0432774699083 -0.00643490589013 0.000107256343502 -5.48859460485e-14 0.0 0.0
0.862817029036 0.910872977824 0.718143658402 0.761548463259 -0.048055948788 0.144673370634 0.101268565777 -7.987967926e-15 0.0 0.0
0.847453251849 0.73853116167 0.829993138732 0.827670793691 0.108922090179 0.0174601131166 0.0197824581577 4.36660256564e-14 0.0 0.0
0.129653316392 0.919666050632 0.43718076195 0.461539581841 -0.79001273424 -0.307527445558 -0.331886265449 2.33212971504e-14 0.0 0.0
0.892660363204 0.938392989985 0.745468409562 0.79275905737 -0.0457326267815 0.147191953642 0.0999013058342 -1.28501376206e-13 0.0 0.0
0.816278778372 0.685449705818 0.755279211469 0.76528194285 0.130829072554 0.0609995669029 0.0509968355223 4.28168785149e-14 0.0 0.0
0.791891808887 0.672418827085 0.848227242231 0.840962738064 0.119472981802 -0.0563354333443 -0.049070929177 -4.65079363909e-15 0.0 0.0
0.752627770276 0.93453576588 0.74754729932 0.776973270534 -0.181907995604 0.00508047095591 -0.0243455002584 2.22252771742e-14 0.0 0.0
0.641307096019 0.687301990674 0.798748393204 0.796580996172 -0.0459948946553 -0.157441297185 -0.155273900153 1.61372651353e-14 0.0 0.0
0.810541740958 0.977037863237 0.827647440783 0.812180826004 -0.166496122279 -0.0171056998246 -0.00163908504639 0.0492614313307 0.525068017322 0.276270846947
0.705506941935 0.780561794211 0.830331362775 0.812375689093 -0.0750548522765 -0.12482442084 -0.106868747158 -0.0017769107775 0.0232736167854 0.00407861908401
0.7914537527 0.857130008927 0.829613200449 0.822847632904 -0.0656762562265 -0.038159447749 -0.0313938802041 -0.000107318424555 0.0112964432406 0.0103607726678
0.853709358051 0.833746990941 0.830157709594 0.829119631846 0.0199623671095 0.0235516484566 0.024589726205 -0.00188312136513 0.0126596844658 0.00602580326829
0.856210273866 0.738980882493 0.834257615286 0.82840910939 0.117229391373 0.0219526585795 0.0278011644758 -0.00119575278211 0.000830077689323 0.000289166164802
0.831939731734 0.689679773532 0.762388093835 0.814524578434 0.142259958202 0.0695516378987 0.0174151533001 -0.000601771200327 0.0547185293107 0.0128646319545
0.868420875956 0.617247794384 0.815359480819 0.815729827681 0.251173081572 0.053061395137 0.0526910482749 -0.000470614394654 0.00359534152584 0.0028402815983
0.852128547068 0.69168455917 0.77745623515 0.783094858208 0.160443987898 0.0746723119181 0.0690336888602 -0.00144084966404 0.0226863029119 0.0112415021782
0.379694775262 0.485890436051 0.442042818175 0.464299763603 -0.106195660789 -0.0623480429132 -0.0846049883411 0.0508830194469 0.00105467352152 0.00135882127077
0.404472106329 0.403282796479 0.431287226376 0.460446081437 0.00118930984969 -0.0268151200469 -0.0559739751083 -0.0099960844522 0.00482339778252 0.00127347742579
0.854455359033 0.878965356303 0.694600560238 0.667984462741 -0.0245099972696 0.159854798795 0.186470896292 -0.0483406496103 0.000319381536025 0.00240024397523
0.735497377513 0.989558367042 0.736247099856 0.67126385547 -0.254060989529 -0.000749722342766 0.0642335220434 -0.00552386125822 0.00544104497536 0.0052153264357
0.819157747226 0.650387706704 0.827693721202 0.81699423507 0.168770040522 -0.00853597397596 0.00216351215559 0.0525038822046 0.00159719581718 0.00327995195475
0.853713527138 0.811940149355 0.702829743842 0.663196491958 0.041773377783 0.150883783296 0.19051703518 0.0337491349053 0.00949929381852 0.00828986609065
0.606358477041 0.702759846527 0.441866077114 0.468458057686 -0.0964013694861 0.164492399927 0.137900419355 0.0743722808523 0.000354886112936 0.000889673304068
0.38754911116 0.656407820814 0.780526990612 0.791624011772 -0.268858709654 -0.392977879452 -0.404074900612 9.29811783124e-16 0.0 0.0
0.652378973087 0.717822886907 0.678135579947 0.596209120031 -0.0654439138205 -0.0257566068599 0.0561698530563 0.250963070281 0.00478831276803 0.00257874581786
