LINEAR REGRESSION (60% Training and 40% Testing)

10.0.txt
-RMSE: 0.16849867844357
-Explained Variance: 0.078161577887978173
-Feature Importances: [0.02940370177613307, 0.011412713780628364, 0.0004064615864179038, -0.009281435980531204, -0.0015226526131690388, -0.01628580864272088, -0.014132979906696054, 0.0015878517464913934, 0.004316094176157793, -0.023825733850626224, 0.011459995426202385, 0.008049644248268668, 0.039376120910109835, 3.481128042925408e-05, -2.629739331431319e-05, -3.84794255163033e-05, 0.0021864356277600354, -0.00012079721812574724, 0.00011549003463271227, -0.00032741878642948, -0.002713626546956966, -0.0030423861772495646, -0.0037276179482684437, -0.005600666905342253, -0.006807887384569276, 0.030657664353891386, 0.002842362506930259, 4.0939474033052647e-16, 0.06125626545477801, -0.09153497197749698, 0.034627451601192925, -0.10668209998188352, 0.18612087623219664, -0.07231858958897905, -0.023432952603144923, 0.09933753729293845, -0.11453517212849977, 0.014116375186938451, -0.03879907639990918, 0.031170990210458032, 0.09471410938404544, 0.01552083686582623, -0.10751808331451208, 0.0764302914323492, -0.025521212560127265, -0.05973051333612946, -0.03657179971342678, 0.0761987301544637, -0.038810037184512626, -0.0022665172192900002, -0.0038673271648259604, 0.10509451834161417, -0.09658733243139768, -0.02832435788546647, 0.0075281925670854805, -0.004687544519829256, 0.09065053077539457, -0.12187935708063789, 0.04723566887513075, 0.006070734424223628, -0.012462883714414438, 0.0034039221143654006, 0.08237553090372544, -0.08415619746687608, 0.003175705085607082, -0.009817167144662011, -0.006236704407805143, -0.0004604036183523735, 0.012698316425689861, 0.05615700323307313, -0.04784011914887122, -0.00016029405361317603, 0.2597054704855338, -0.27475322685255366, 0.008203394967360993, -0.006062151110254335, 0.003254077899023065, 0.014950956963656862]

15.0.txt
-RMSE: 0.1300281352264351
-Explained Variance: 0.45104534012297781
-Feature Importances: [0.03366750306513297, -0.004802857474039968, -0.0035670641377212693, -0.0030567016411602492, 0.00015531556856714025, -0.008312636140112378, -0.014083559240709385, 0.0012887802751570857, 0.012381815504309775, -0.03319835342747057, 0.012734655128419033, 0.008081882794778976, 0.03560468300307467, 2.316507928754822e-05, -1.7622459146151995e-05, -1.751087450143577e-05, 0.0024411645327908557, -0.00010268634542266297, 9.972448760775694e-05, -0.00029021452359466373, -0.005160045721968971, -0.006287382036555109, -0.0039464853894849465, -0.0029625938242821004, -0.0058216877887141555, 0.03325036940164591, 0.00012278172110244666, 0.0, 0.054813284389095385, -0.05416717571910918, 0.024217174695964336, -0.11573064624694254, 0.1642513475966631, -0.07762551769071266, 0.022011900661328868, 0.06079845806891454, -0.022873188202097328, -0.058223344683719015, -0.06691396432766651, 0.03665631679069248, 0.11018585718736117, 0.033744729975811696, -0.023408691106691523, -0.07977075750666876, 0.0400461881851965, -0.06747124571237643, -0.024527023214008948, 0.01424828205934877, 0.03833611140069295, 0.059701666733373675, -0.038413479320671635, 0.07425709065127799, -0.11142920266994226, -0.018978797947211603, 0.07860310594922429, -0.03600736254597549, 0.01941825247934222, -0.025972700127913393, 0.03444197808601508, 0.028468203144048992, -0.08820495357302323, 0.05971353279172538, -0.018603032468700816, -0.07613802980793806, 0.19372882494671653, -0.05496816678870188, -0.0754705424440702, -0.06568606778667752, 0.11768801474025681, -0.013733932377982327, -0.1155981508619206, 0.11440628674263494, 0.2538740722613115, -0.3611153100972364, 0.23180204944355023, -0.1580393791213743, 0.11441255763740248, -0.1559500133099565]

20.0.txt
-RMSE: 0.1300281352264351
-Explained Variance: 0.45104534012297781
-Feature Importances: [0.03366750306513297, -0.004802857474039968, -0.0035670641377212693, -0.0030567016411602492, 0.00015531556856714025, -0.008312636140112378, -0.014083559240709385, 0.0012887802751570857, 0.012381815504309775, -0.03319835342747057, 0.012734655128419033, 0.008081882794778976, 0.03560468300307467, 2.316507928754822e-05, -1.7622459146151995e-05, -1.751087450143577e-05, 0.0024411645327908557, -0.00010268634542266297, 9.972448760775694e-05, -0.00029021452359466373, -0.005160045721968971, -0.006287382036555109, -0.0039464853894849465, -0.0029625938242821004, -0.0058216877887141555, 0.03325036940164591, 0.00012278172110244666, 0.0, 0.054813284389095385, -0.05416717571910918, 0.024217174695964336, -0.11573064624694254, 0.1642513475966631, -0.07762551769071266, 0.022011900661328868, 0.06079845806891454, -0.022873188202097328, -0.058223344683719015, -0.06691396432766651, 0.03665631679069248, 0.11018585718736117, 0.033744729975811696, -0.023408691106691523, -0.07977075750666876, 0.0400461881851965, -0.06747124571237643, -0.024527023214008948, 0.01424828205934877, 0.03833611140069295, 0.059701666733373675, -0.038413479320671635, 0.07425709065127799, -0.11142920266994226, -0.018978797947211603, 0.07860310594922429, -0.03600736254597549, 0.01941825247934222, -0.025972700127913393, 0.03444197808601508, 0.028468203144048992, -0.08820495357302323, 0.05971353279172538, -0.018603032468700816, -0.07613802980793806, 0.19372882494671653, -0.05496816678870188, -0.0754705424440702, -0.06568606778667752, 0.11768801474025681, -0.013733932377982327, -0.1155981508619206, 0.11440628674263494, 0.2538740722613115, -0.3611153100972364, 0.23180204944355023, -0.1580393791213743, 0.11441255763740248, -0.1559500133099565]

25.0.txt
-RMSE: 0.1300281352264351
-Explained Variance: 0.45104534012297781
-Feature Importances: [0.03366750306513297, -0.004802857474039968, -0.0035670641377212693, -0.0030567016411602492, 0.00015531556856714025, -0.008312636140112378, -0.014083559240709385, 0.0012887802751570857, 0.012381815504309775, -0.03319835342747057, 0.012734655128419033, 0.008081882794778976, 0.03560468300307467, 2.316507928754822e-05, -1.7622459146151995e-05, -1.751087450143577e-05, 0.0024411645327908557, -0.00010268634542266297, 9.972448760775694e-05, -0.00029021452359466373, -0.005160045721968971, -0.006287382036555109, -0.0039464853894849465, -0.0029625938242821004, -0.0058216877887141555, 0.03325036940164591, 0.00012278172110244666, 0.0, 0.054813284389095385, -0.05416717571910918, 0.024217174695964336, -0.11573064624694254, 0.1642513475966631, -0.07762551769071266, 0.022011900661328868, 0.06079845806891454, -0.022873188202097328, -0.058223344683719015, -0.06691396432766651, 0.03665631679069248, 0.11018585718736117, 0.033744729975811696, -0.023408691106691523, -0.07977075750666876, 0.0400461881851965, -0.06747124571237643, -0.024527023214008948, 0.01424828205934877, 0.03833611140069295, 0.059701666733373675, -0.038413479320671635, 0.07425709065127799, -0.11142920266994226, -0.018978797947211603, 0.07860310594922429, -0.03600736254597549, 0.01941825247934222, -0.025972700127913393, 0.03444197808601508, 0.028468203144048992, -0.08820495357302323, 0.05971353279172538, -0.018603032468700816, -0.07613802980793806, 0.19372882494671653, -0.05496816678870188, -0.0754705424440702, -0.06568606778667752, 0.11768801474025681, -0.013733932377982327, -0.1155981508619206, 0.11440628674263494, 0.2538740722613115, -0.3611153100972364, 0.23180204944355023, -0.1580393791213743, 0.11441255763740248, -0.1559500133099565]

_______________________________________________________

RANDOM FOREST (60% Training and 40% Testing)

10.0.txt
-RMSE: 0.09607600588314333
-Explained Variance: 0.7002965877019256
-Feature Importances:  [0.0009967580231914992, 1.7269808788463218e-05, 0.0005229425664172332, 0.00029072758675941564, 0.00021930680219357522, 2.1423053696041155e-05, 2.1858418807446686e-05, 0.04447998871864277, 0.0016716524878207485, 0.0013997321724407547, 0.0008208297666971963, 0.0029839706894997315, 0.08143760531987262, 0.04955970720083378, 0.02527773407933433, 0.014532932056118227, 0.02488410430276905, 0.012904864784940214, 0.12137429097249451, 0.06701379408563087, 0.009066085320277523, 0.00806980548350908, 0.011620437079815592, 0.016557402332055493, 0.015850892594286372, 0.38346771932245877, 0.002669474561267851, 0.0, 0.0031791548683951258, 0.0025459427516161476, 0.0025076828662271722, 0.0025948976759487164, 0.002949341207435934, 0.0025439097601544047, 0.0018780521986722092, 0.0015462937538208458, 0.0024488915709275933, 0.0016994351314835374, 0.0028714413233364468, 0.0015768402359784546, 0.001807594465751675, 0.0012241729414602406, 0.002370021214027169, 0.0025151391307820575, 0.0027520297102381548, 0.004848185160221448, 0.0029627592843014653, 0.0018157906133059061, 0.0012420998204363573, 0.0021751883287694095, 0.0013552450407576446, 0.0010977425492798031, 0.0015681621526028588, 0.0014685313876567625, 0.001793496560153761, 0.002056624866633947, 0.001397768130833192, 0.0020220028788655456, 0.0015750629343332105, 0.0025440672077905804, 0.001234848372861238, 0.002402227478626435, 0.001113783330103624, 0.0009675121769722575, 0.001285602820791044, 0.002095291358003803, 0.0010413728215700586, 0.0008912812665807467, 0.0014302485399673305, 0.001886618527605652, 0.001624238499786256, 0.0009021265111038553, 0.0008115449857852285, 0.0007225522005306822, 0.0009631950897641001, 0.0021833766591445123, 0.004271544890281388, 0.007505757157705089]

15.0.txt
-RMSE: 0.09369381169170163
-Explained Variance: 0.71497456153004446
-Feature Importances: [0.0010463521205576547, 2.748075292608545e-05, 0.0006754643746687779, 0.00023498442331236618, 0.00020874108157324913, 2.2712097174517126e-05, 3.22255132621157e-05, 0.04495740913822477, 0.0018655322589502471, 0.0016284271059510075, 0.0008960961379876033, 0.0028697831828873115, 0.07126230997146152, 0.04897707427512362, 0.02296621555540204, 0.015024146446090647, 0.02422061118525163, 0.013675778381363054, 0.11679373898818873, 0.052989477065761015, 0.008815873563626512, 0.00843186750516216, 0.011822233973407606, 0.020249591085677383, 0.015246302395907768, 0.3710675324195669, 0.0027826623988955, 0.0, 0.003085479797150907, 0.0029143496028606114, 0.0022375492102588088, 0.002570484818412527, 0.0035616891080742525, 0.0025583582848032298, 0.0022339200106729967, 0.0017213750297004745, 0.002025505304333703, 0.002395383873540315, 0.00273562193732938, 0.0019063941793937547, 0.002158959892494022, 0.001468614821708482, 0.0036675214445000153, 0.0021830274413514703, 0.0050897296863252825, 0.009971492378258912, 0.0038320291899632446, 0.004147614090241146, 0.0025428802274522163, 0.00325900052966243, 0.002019599178630956, 0.001140672337308, 0.0034590597437727856, 0.002079973271463213, 0.004499377618801325, 0.005034882990554953, 0.0015471782871411793, 0.0016568176891284916, 0.0027619231512141856, 0.001999883994475084, 0.002526839018594351, 0.0032716731201194293, 0.0019038447584465567, 0.0011168665988051235, 0.003843630706412502, 0.004426943622467545, 0.004136335087098557, 0.0013010774691432372, 0.0024147290107800964, 0.004732310912025217, 0.0017527292742341197, 0.0006731482017603812, 0.0009283520040275677, 0.0009470829252246587, 0.0016651472906861644, 0.0024694619710418564, 0.0030095024899334734, 0.005623353019858863]

20.0.txt
-RMSE: 0.093776273153603
-Explained Variance: 0.71447262961225444
-Feature Importances: 0.001060453503695479, 1.3327515783802771e-05, 0.0005316610947528326, 0.00032897345004175536, 0.00020819278519991597, 3.307547430552851e-05, 3.0002113694923046e-05, 0.04523581562379806, 0.002052445520266937, 0.0013876031582421013, 0.0008248375459327908, 0.0030191851005545154, 0.07736867562110855, 0.050095090219404205, 0.02209494778820735, 0.015347490757220889, 0.024853404755878224, 0.013323202571817067, 0.11854058632590377, 0.054645060872655374, 0.00845800789291069, 0.008467115188028842, 0.012136490772720821, 0.019662341280139353, 0.015106336150394842, 0.3684233453123675, 0.0028963805179718083, 0.0, 0.0030503787389282565, 0.003008383462178167, 0.0022116453374203177, 0.0028297086206606746, 0.003667541351742193, 0.002374523292014474, 0.0020259929200300867, 0.002010126660321911, 0.002080019662794692, 0.0020542026655560063, 0.0021349131753286036, 0.0017983172707948696, 0.002353747922182212, 0.001570165671395651, 0.0033775416002827935, 0.0024287977284526566, 0.007230963221043473, 0.011364629388421237, 0.0034164601171652897, 0.003316864276785847, 0.0019101968293561914, 0.0026309731481324672, 0.0016113193666555334, 0.0014774353522548323, 0.0025650778887144456, 0.00196513162842389, 0.002659001116306105, 0.004619014540547386, 0.001564533910522419, 0.0020133368109930155, 0.003341903220076937, 0.0026528046304610214, 0.0020571965343033453, 0.002586802664795401, 0.002356638250879984, 0.0014376155714710549, 0.0021078429293203286, 0.004196259835291164, 0.002176428676987182, 0.0018575848763072828, 0.0023944003661902366, 0.003875927996906602, 0.0011610213824501156, 0.0008005146638884671, 0.0007596090535706995, 0.0012462900804301074, 0.0012566646644051366, 0.002652921713915406, 0.003297240671860381, 0.004319339628085237]

25.0.txt
-RMSE: 0.09384196185535874
-Explained Variance: 0.7140724752715123
-Feature Importances: [0.000950818635098915, 2.125758546169417e-05, 0.00047321081354636635, 0.0003943650743012154, 0.00022853431589745646, 3.435187908555085e-05, 1.9160529506831576e-05, 0.04396828405232709, 0.001962209112703325, 0.0016623429637170604, 0.000787878316538606, 0.003237227586980006, 0.07621846109965355, 0.048229691388919735, 0.022139749249116065, 0.015352033317843121, 0.024255851183564853, 0.014195883345376626, 0.1197215980425117, 0.05292778348720439, 0.009134925232046728, 0.008415371453163204, 0.012409886582074009, 0.01878736022837522, 0.0158983706484753, 0.36722424283512906, 0.002673293180211673, 0.0, 0.003141423145756593, 0.003303821773893957, 0.0023847845895744804, 0.0031351236815119147, 0.0034710483666004874, 0.0023363214377706693, 0.0022808643653858818, 0.0021338628666676927, 0.0020362905173504963, 0.0021525056635462517, 0.0023175947723077283, 0.0012956601628064581, 0.0026446310331027013, 0.0018873022950979786, 0.0024700082530856532, 0.002685904916477464, 0.005088176231114786, 0.008323870870704157, 0.00397498884241951, 0.003454865990329111, 0.003215833500443965, 0.002887210829305925, 0.001876201894295298, 0.0012999135019934448, 0.003922375206924668, 0.002084593646361561, 0.003835527482885569, 0.0037784682363034812, 0.0022423918876175197, 0.0016008444262778892, 0.0033074105398241283, 0.0023774820443736907, 0.0017240873865018538, 0.0022904479434811297, 0.0015052710364774533, 0.0010981627960419842, 0.004350303073091431, 0.003942522572009177, 0.002951577796229557, 0.0014857370411031751, 0.0031488430339498327, 0.003999957745586275, 0.0021288283746814934, 0.0007484799875306045, 0.0009893948913784253, 0.001271514286642748, 0.002971686988862975, 0.0021732229186508696, 0.003409030480109754, 0.005539486536730234]
___________________________________________________________

EXTRA RANDOMIZED TREES (60% Training and 40% Testing)

10.0.txt 
-RMSE: 0.10881814181361267 / 0.08483788245556134 (training)
-Explained Variance: 0.61552826395733473 / 0.75982180464981053 (training)
-Feature Importances: [0.005855721248851297, 0.0001236713065204641, 0.003838564015776947, 0.004770078082080072, 0.004193023204937995, 0.0004213487565212387, 0.0011886259877249888, 0.043957786900647645, 0.0049571675669018, 0.007264221471040958, 0.009189451835282712, 0.01883556074204436, 0.23662073303252354, 0.009862331538564372, 0.01351762953074006, 0.007750313876616174, 0.0104047564865396, 0.00850240804964329, 0.013729347798461623, 0.010487760298567878, 0.007778152201275261, 0.006089860859503841, 0.005734518892526965, 0.013006063118320659, 0.008388594060878968, 0.20206008892306898, 0.03286798130416228, 0.0, 0.0035399633717084007, 0.0037653059498410145, 0.002996199888430969, 0.003488448152280086, 0.00378168997270697, 0.0033606524984162193, 0.0036183245729540007, 0.003010729345534255, 0.0031850765108910853, 0.0025348297347869042, 0.0028110230015494274, 0.003177662994605023, 0.003812931422567569, 0.0032841843500158335, 0.004623865823905602, 0.006065908259030383, 0.008727871821124002, 0.007285905218780005, 0.010506430883586791, 0.005581694823077946, 0.005481848685623273, 0.0056905995906574155, 0.005874055528110524, 0.0035657467216589716, 0.005406053419683633, 0.006008150636161356, 0.007607009952712653, 0.006143484191950508, 0.0034203117065625035, 0.004805735469034121, 0.004104533778316252, 0.00404007788736426, 0.003731237653625667, 0.003356323431512743, 0.0034242437869323344, 0.003744649784829295, 0.003971224309149923, 0.0026980393037834313, 0.0030712954972167265, 0.004485486428146891, 0.008177231014637465, 0.006088047664121972, 0.0056744335713885055, 0.00243317984083377, 0.002670186566447946, 0.002261795814629867, 0.004298137864026678, 0.007984592701240766, 0.028244558284829916, 0.06098326922929439]

15.0.txt
-RMSE: 0.10873686329911168 / 0.08522090458916039 (training)
-Explained Variance: 0.61610238920304017 / 0.75764821836273188 (training)
-Feature Importances : [0.006425662305520546, 9.860963733251034e-05, 0.0037505010195525456, 0.0044801530342540785, 0.00333453576605789, 0.0004577985988857048, 0.0011687042568875462, 0.039762792696498475, 0.004564648634714866, 0.00851701008317994, 0.010438569863027526, 0.019145869629759837, 0.18212517400861128, 0.008422705568557341, 0.012913088285058185, 0.007246182779198151, 0.008345637744686244, 0.008658818233774832, 0.014542890072678392, 0.0111403377898309, 0.006870891106353784, 0.005352308292204812, 0.006014034934973745, 0.011919781288238805, 0.008571820881228966, 0.19101411735650262, 0.03217705503783788, 0.0, 0.003142625001753106, 0.003377877489672978, 0.0032136545701803884, 0.003649475515553875, 0.003679264212980319, 0.0031296035156596247, 0.0026148249712292103, 0.0027104917789803466, 0.002842595519848354, 0.002932189510292823, 0.002556015649823165, 0.002796374529502093, 0.002990443914323722, 0.0028686956125498412, 0.0033093690111078923, 0.005854562556829064, 0.007558853690099757, 0.008886018473070042, 0.007330658051310216, 0.006473033974166465, 0.004732601363327822, 0.004782490548905586, 0.006362542790652896, 0.006033106442389386, 0.007765274207105264, 0.008522539190800536, 0.00947553497990489, 0.00984769052598886, 0.008682858458930885, 0.010803931932609976, 0.010440872748346932, 0.00853102075420869, 0.008923347431792837, 0.0107258740513371, 0.006527851019334112, 0.009369084305308448, 0.01252647336116118, 0.012781386212663403, 0.009414600243742344, 0.014465797095584033, 0.009660054836235167, 0.011219294537645119, 0.011032197231017499, 0.010040607486860047, 0.007566878908232912, 0.012145815572436065, 0.011683657500656626, 0.01575660422768831, 0.015023072205899496, 0.015780613374892512]

20.0.txt
-RMSE: 0.10901291189095585 / 0.08528520308946254 (training)
-Explained Variance: 0.61415072516875635 / 0.75728237538673948 (training)
-Feature Importances: [0.006546183717926246, 0.0001195080583189958, 0.004145578127822182, 0.004858357876831038, 0.0037386548902522904, 0.0004960382795147357, 0.0010945795384283215, 0.04076122803536647, 0.004294298214993556, 0.008058113147854406, 0.010635287957169118, 0.01973198397413924, 0.18359649840904654, 0.008059326539239513, 0.013083569509108668, 0.007123565066575813, 0.007813866444089148, 0.008662218302231583, 0.013974640249302759, 0.01082880754837878, 0.006842108305970724, 0.006163739843148598, 0.0060325591179892415, 0.011225978593436374, 0.007006956698028468, 0.18074526912649014, 0.030810748181712217, 0.0, 0.0031195099061461272, 0.0035617427209979507, 0.002970991000214024, 0.0034922923858591577, 0.003514506374418064, 0.003074065365562539, 0.003075625081671097, 0.0023931550794427004, 0.002652675802602851, 0.0025179202956408745, 0.0026691964526025535, 0.0029180850501499106, 0.0036066638965249606, 0.0031961591402415402, 0.003351354575402407, 0.004479881276045312, 0.008345686295612597, 0.008811007497873894, 0.009417707704026819, 0.009244812763576676, 0.007274710826178764, 0.003532760399122531, 0.009189851851124045, 0.004839838300321641, 0.006587348953608103, 0.009659019349620736, 0.009338135261805602, 0.009391010126702109, 0.008868707675584026, 0.010175909787732588, 0.010298416537540912, 0.009339645628049507, 0.007794746788962405, 0.008258887878390866, 0.009169356636206246, 0.007565026435197667, 0.009176477798264594, 0.01574776867888374, 0.011456522928882239, 0.011842649803336077, 0.011877400655354867, 0.01506124041520343, 0.00995027895251595, 0.009836536904478188, 0.008184694088869024, 0.011751867249261099, 0.014089628572720782, 0.016226882269950574, 0.016139143449248328, 0.014512833378906333]

25.0.txt
-RMSE: 0.10871265754364177 / 0.0848617037473821 (training)
-Explained Variance: 0.61627328796013159 / 0.75968690835223607 (training)
-Feature Importances: [0.006437003410857935, 9.623712927356621e-05, 0.0038791513013366205, 0.004805434360012836, 0.003695426147843703, 0.000425651526883559, 0.0011207283660384345, 0.04076822535483928, 0.00479044837792962, 0.008436104119978145, 0.01099907734888311, 0.01847417347285461, 0.17727386829806488, 0.007790129406133998, 0.01327876709771784, 0.008109037092762469, 0.007804378450186415, 0.009283272005446756, 0.013287807484794759, 0.010957546615661763, 0.006594071547859369, 0.0060713211812307615, 0.005993097896584702, 0.012159722839955691, 0.0074415822100823235, 0.20954400090827122, 0.03235517770770734, 0.0, 0.003086569230832516, 0.003190936181553618, 0.0025833036770997243, 0.003424801010970031, 0.004117312646312809, 0.0032656260075308655, 0.0029456068081045324, 0.002454969256164832, 0.003041465830363731, 0.002702580445832453, 0.0025103252296250086, 0.002974682667164046, 0.00322612807248419, 0.0034541436876839413, 0.0033912710566072653, 0.004919670006693211, 0.00863217192908354, 0.008235912252316962, 0.008928204353807105, 0.00663520284933685, 0.0057920713295729715, 0.004622596864724188, 0.007661722657625562, 0.0048547508428591225, 0.006853778792622795, 0.007975787720486887, 0.009773359911153147, 0.009019790114409997, 0.009092228616756053, 0.009030936936361592, 0.010064406952412253, 0.01052801024160025, 0.00907272777974727, 0.0072463406721935955, 0.007599227974126, 0.007700176086485411, 0.009481747212762907, 0.012491660680826223, 0.008209214740647867, 0.010266453012173032, 0.010426615580839998, 0.009853126904084368, 0.010197378581962617, 0.010505398462375613, 0.007476808603083358, 0.01243599208728906, 0.01331918860995312, 0.015012183616579836, 0.012757672445325753, 0.015086321110200094]