RMSE(LR) = 0.43602113215
RMSE(RF) = 0.120584845574
RMSE(ET) = 0.11703862174

Explained Variance(LR) = -7.9517782132
Explained Variance(RF) = 0.315332520255
Explained Variance(ET) = 0.355010514517

Kendall tau, p_value(LR) = 0.283228433913 0.000356908927111
Kendall tau, p_value(RF) = 0.393557941503 7.02249931912e-07
Kendall tau, p_value(ET) = 0.480192521288 1.42387907679e-09
 
 Measured s2   LR Predict s2  RF Predict s2  ET Predict s2   LR s2 Diff      RF s2 Diff      ET s2 Diff     LR_RC        RF_FI ET_FI
0.671696121785 0.583168506622 0.647246665814 0.656765937119 0.0885276151627 0.0244494559713 0.0149301846661 421376615.337 0.0 0.0
0.49244675259 -0.227241754532 0.446311351227 0.422516566872 0.719688507122 0.0461354013629 0.069930185718 2897313265.15 0.0 0.0
0.830015354782 0.359971761703 0.776536731709 0.760519890261 0.470043593079 0.0534786230728 0.0694954645212 -1545945307.87 0.0 0.0
0.806696144196 0.612205028534 0.784589966185 0.759565230136 0.194491115662 0.0221061780114 0.0471309140605 1016087990.52 0.0 0.0
0.849064818472 0.937347888947 0.709319622231 0.71681018081 -0.0882830704745 0.139745196241 0.132254637662 6205683569.23 0.0 0.0
0.237307368923 0.35341334343 0.362002588852 0.389576282934 -0.116105974507 -0.124695219929 -0.152268914011 -5761410592.41 0.0 0.0
0.892921135607 0.792531013489 0.80647152656 0.784241006528 0.100390122118 0.0864496090472 0.108680129079 -2321297372.77 0.0 0.0
0.834918094204 0.817519903183 0.72771348472 0.724096725914 0.017398191021 0.107204609484 0.11082136829 -168918639.218 0.0 0.0
0.883364174988 0.940672159195 0.756770927489 0.772028391505 -0.0573079842069 0.126593247499 0.111335783483 86931332.4036 0.00160722007639 0.00818466639293
0.825380286061 0.85322022438 0.778914758752 0.766682750407 -0.0278399383195 0.0464655273093 0.0586975356538 130542775.164 0.0 0.0
0.851711517786 0.717320919037 0.774909178286 0.791847233665 0.134390598749 0.0768023395003 0.0598642841207 86931332.3042 0.00116197855578 0.00783458007574
0.672875904527 0.568359613419 0.57730592401 0.578367315055 0.104516291108 0.0955699805169 0.0945085894724 0.0583680085838 0.0161069946948 0.102992800903
0.761653846319 0.737679719925 0.714938922283 0.702883200181 0.0239741263941 0.0467149240363 0.0587706461376 -1.26361846924e-05 0.0269639033633 0.00789519805596
0.648696034398 0.754146337509 0.766356610233 0.749360744842 -0.105450303111 -0.117660575835 -0.100664710444 6.19888305664e-06 0.0177986070022 0.0152555571866
0.848501766158 1.04748606682 0.794870127226 0.777447612147 -0.19898430066 0.0536316389317 0.0710541540107 0.000665754079819 0.00389879184229 0.00321468650876
0.851832144277 0.89068198204 0.72990902924 0.733194156184 -0.0388498377634 0.121923115037 0.118637988093 0.00613863021135 0.00777490406753 0.00860779082876
0.714281463048 0.566208362579 0.51723955761 0.518647197271 0.148073100469 0.197041905438 0.195634265777 0.000103950500488 0.0359662322025 0.00649029784345
0.385951090283 0.532187461853 0.395981106887 0.409548496873 -0.14623637157 -0.0100300166041 -0.0235974065896 -0.000118255615234 0.0612106776866 0.00302209126296
0.813113279479 0.98820400238 0.656643110145 0.623023668723 -0.175090722901 0.156470169334 0.190089610756 -0.000499308109283 0.0499710643674 0.0114383457959
0.846427379467 0.469943523407 0.64702031824 0.66412908517 0.37648385606 0.199407061227 0.182298294297 0.0138890743256 0.00477211129062 0.0193656021826
0.811596240983 1.15004658699 0.793336084012 0.784997481262 -0.338450346007 0.018260156971 0.0265987597215 0.0001460313797 0.00367043890276 0.0149812668095
0.792075897846 0.373702764511 0.525009300425 0.544239094681 0.418373133335 0.267066597421 0.247836803165 -0.0282438695431 0.00317839945036 0.00695778449381
0.869010388905 0.601637125015 0.774374453628 0.762996356443 0.26737326389 0.0946359352773 0.106014032462 -0.0386942625046 0.0107384758879 0.0198328402936
0.843370191456 0.692923545837 0.805984037583 0.776777207628 0.150446645619 0.0373861538729 0.0665929838282 -0.0177793502808 0.0157339493934 0.0148105421532
0.741288375134 0.766236543655 0.727380881022 0.702437859196 -0.0249481685214 0.0139074941116 0.0388505159376 -0.0254519805312 0.171951561535 0.139541310128
0.593177042242 0.294703722 0.70003567036 0.665236733771 0.298473320242 -0.106858628118 -0.0720596915294 -0.0477073192596 0.00952696690198 0.0180307939217
0.858560675874 0.771476984024 0.76429590136 0.753190623407 0.08708369185 0.0942647745141 0.105370052467 -888849.40379 0.0 0.0
0.84989686141 1.14563512802 0.717642371458 0.746593300681 -0.295738266611 0.132254489952 0.103303560729 0.0418793708086 0.00834683150424 0.00632466252796
0.838585319164 0.699317455292 0.746750459888 0.74918039955 0.139267863872 0.0918348592759 0.0894049196137 0.0712775317952 0.00544971784138 0.00427167493565
0.622356268878 0.464213609695 0.672332505879 0.616832724106 0.158142659183 -0.0499762370009 0.00552354477168 -0.219473410398 0.00679462682751 0.00535608459935
0.850516634383 0.82287979126 0.769769022984 0.783360611086 0.0276368431232 0.0807476113985 0.0671560232969 -0.031008914113 0.0061077544415 0.00609436898487
0.424683395663 0.74663066864 0.590675040968 0.624347914753 -0.321947272977 -0.165991645305 -0.19966451909 0.374458618462 0.00670980949993 0.00795698148978
0.555572228156 0.819462299347 0.772450873682 0.757856843253 -0.263890071191 -0.216878645526 -0.202284615097 -0.118676438928 0.0208570203372 0.0112219772449
0.720134378141 0.850288629532 0.55490251116 0.569074716045 -0.130154251391 0.165231866981 0.151059662096 -0.0740968510509 0.00650026707112 0.00744691428636
0.722082122961 0.739914894104 0.77875268619 0.764366324366 -0.017832771143 -0.0566705632287 -0.0422842014053 -0.15833415091 0.00715932348574 0.00807231708981
0.835007720872 0.667521476746 0.772556019889 0.740351057119 0.167486244126 0.0624517009829 0.0946566637527 -0.070264339447 0.0172921490063 0.0122803170685
0.83895648679 0.823046922684 0.642275962881 0.713402997848 0.0159095641063 0.196680523909 0.125553488942 0.0894979387522 0.020918659924 0.0155071035059
0.807980407878 0.895378828049 0.746560738098 0.741645582295 -0.0873984201707 0.0614196697804 0.0663348255834 0.12292329967 0.0161327234062 0.00871164302253
0.792388775631 0.654950380325 0.474237360405 0.490791351046 0.137438395306 0.318151415226 0.301597424585 -0.494988219813 0.015537622794 0.0135820526944
0.789833458724 0.727076053619 0.670870114812 0.696011033556 0.0627574051046 0.118963343912 0.0938224251677 0.0548730473965 0.0177478268131 0.0137944831406
0.884873454147 0.865607023239 0.792087712834 0.786704206559 0.0192664309079 0.092785741313 0.0981692475883 0.181133735925 0.00517098773156 0.0119257168292
0.698343952492 0.843336343765 0.734093928056 0.72928198262 -0.144992391273 -0.0357499755645 -0.0309380301279 0.124348089099 0.0194545893777 0.00979288617711
0.759154886 0.727627754211 0.733680014659 0.738171397467 0.0315271317886 0.0254748713408 0.0209834885335 -0.321783747524 0.0053704629132 0.0134717782096
0.845060798027 0.869399785995 0.776788542623 0.773011020679 -0.0243389879685 0.0682722554044 0.0720497773484 0.440380968153 0.00444791423314 0.0139277721871
0.659743647428 0.645776748657 0.48618797407 0.478216207687 0.0139668987708 0.173555673358 0.181527439741 -0.00545043498278 0.0247911564526 0.0175825539024
0.706416633913 0.929927110672 0.81554288441 0.787485296048 -0.223510476759 -0.109126250497 -0.0810686621345 -0.153415542096 0.0187274801397 0.0247202464527
0.800062033685 0.842270374298 0.79050354921 0.784274703486 -0.0422083406131 0.0095584844754 0.0157873301993 0.467425595969 0.00644897087415 0.0151960667868
0.837657138921 0.640033721924 0.77299838629 0.772653928492 0.197623416997 0.0646587526306 0.0650032104286 0.113150827587 0.0409581762729 0.0177688689538
0.872023909376 0.989543914795 0.673223800645 0.760999210131 -0.117520005419 0.198800108731 0.111024699245 -0.567093834281 0.028646882293 0.0206963748499
0.83485506051 0.452390909195 0.601151327921 0.620280829135 0.382464151315 0.233703732589 0.214574231375 0.588591173291 0.0500753259571 0.0227407831272
0.350068114957 1.76854395866 0.358007266487 0.411726012331 -1.41847584371 -0.00793915153038 -0.061657897374 -0.774480253458 0.0127609618645 0.0149876671503
0.835214697086 0.882124185562 0.73606632404 0.740420180033 -0.0469094884761 0.0991483730461 0.0947945170525 0.338340878487 0.0270180300525 0.0273894734223
0.492045314391 0.384289979935 0.537804954019 0.526165429778 0.107755334456 -0.0457596396275 -0.0341201153869 0.150136679411 0.00884412189582 0.0237910044573
0.872011731244 1.01778554916 0.787149176804 0.78017250943 -0.14577381792 0.0848625544395 0.0918392218145 -0.352964520454 0.0251013399271 0.0232065629175
0.64618948158 0.958668470383 0.775212570643 0.762202632231 -0.312478988803 -0.129023089063 -0.116013150651 -0.165941059589 0.00740879615211 0.0115265214096
0.758744807831 0.725640296936 0.662908070986 0.678477076373 0.033104510895 0.0958367368451 0.0802677314582 -0.288691401482 0.0042756747892 0.00732469831642
0.376183626409 0.998998165131 0.581167509164 0.57082143461 -0.622814538722 -0.204983882755 -0.194637808201 0.564670830965 0.00343810496239 0.00687377940966
0.83821117175 0.767479658127 0.790524921183 0.781920165296 0.0707315136232 0.0476862505675 0.0562910064542 0.0456175804138 0.00487213291473 0.0108324533726
0.778522801517 0.831696748734 0.742125023106 0.738141183907 -0.0531739472165 0.0363977784109 0.0403816176105 0.273260340095 0.00606814031658 0.0125377434419
0.374353339888 -1.33387207985 0.382035302662 0.390954977165 1.70822541974 -0.00768196277362 -0.0166016372766 -0.352739527822 0.00784981584721 0.00828698430252
0.651995687637 0.432641983032 0.659470011983 0.654119757305 0.219353704605 -0.00747432434623 -0.00212406966809 -0.00330606102943 0.00660649604445 0.00944576142694
0.744444891757 0.775422334671 0.644386313391 0.660586858888 -0.030977442914 0.100058578366 0.0838580328685 -0.0531077906489 0.00518090029185 0.00531780521175
0.745383778025 0.59787774086 0.778052564303 0.761626349721 0.147506037165 -0.032668786278 -0.0162425716963 -0.0131728798151 0.00611237315106 0.0108082109521
0.825728612782 0.653523206711 0.687342257111 0.680521685345 0.172205406071 0.138386355671 0.145206927437 -0.0335715860128 0.00399758016463 0.00757976359728
0.687894187072 0.481088638306 0.678770105517 0.677303774931 0.206805548766 0.00912408155535 0.0105904121413 0.163217492402 0.00225571960364 0.00473479958909
0.646679793343 0.30030632019 0.485327471455 0.469679433858 0.346373473153 0.161352321888 0.177000359485 0.562988989055 0.00433982106944 0.0098862028251
0.811134529589 0.685790538788 0.755507276403 0.743157091108 0.125343990801 0.0556272531865 0.0679774384807 -0.712832823396 0.0156514313229 0.00824719536569
0.75558494381 0.819192647934 0.75864299614 0.734057829445 -0.063607704124 -0.00305805232977 0.0215271143652 0.416552245617 0.00202063088603 0.0125786559464
0.556916591699 0.677362442017 0.677323697299 0.699057477696 -0.120445850318 -0.1204071056 -0.142140885997 -0.355510085821 0.00312975282401 0.00798274552219
0.882050742869 0.915326118469 0.730531310459 0.741112323104 -0.0332753756002 0.15151943241 0.140938419765 0.0442707836628 0.00226755548729 0.00490804898086
0.753542918394 0.5773396492 0.587513035005 0.579902057526 0.176203269194 0.166029883389 0.173640860868 -0.281773641706 0.00667191829682 0.00589195245605
0.749947861681 -1.70431303978 0.502738617854 0.492657259301 2.45426090146 0.247209243827 0.25729060238 0.814276091754 0.0123515290781 0.00803452847052
0.785042699919 0.75426697731 0.738951995045 0.744202525976 0.0307757226088 0.046090704874 0.040840173943 -0.614355459809 0.00861099542342 0.00857507048212
0.738108593363 0.746448755264 0.65236854362 0.651354880205 -0.00834016190128 0.085740049743 0.0867537131578 -0.350945442915 0.00312097513019 0.00955906895031
