0.169018588152
0.0724640595761
0.750627652378 0.900082704085 0.0288675608339
0.910364003218 0.857618109258 0.0105303375719
0.867468809699 0.812525518666 -0.000589084179981
0.779902729359 0.761676226155 -0.00790552128248
0.589189757588 0.717323658443 -0.00161207580758
0.748124264095 0.819162953198 -0.017363029377
0.73699464993 0.853004969659 -0.0119281877586
0.894184640161 0.804218962781 0.00386347517435
0.845072705005 0.761202127945 -0.0225553916929
0.821203924443 0.726231169164 0.0114583588536
0.785155864167 0.815542944105 0.00723355766463
0.897383539464 0.768660032786 0.0394771748717
0.811669810296 0.885149706167 1.9763321447e-05
0.812341347267 0.833529054203 -1.32763656353e-05
0.789282609313 0.82156533215 -3.76339134233e-05
0.644627677177 0.642329239232 0.00203627485022
0.835377346237 0.725166717452 -0.000134017473143
0.682152430532 0.776116334553 0.000130285521812
0.801516026636 0.610045741621 -0.000280914358448
0.601848456581 0.606377321356 -0.00183068050068
0.447927383826 0.570696116017 -0.00249720046568
0.81666019057 0.799709870026 -0.00362360571987
0.807607257951 0.685114198421 -0.00529737544792
0.886691661509 0.854338655414 -0.00610033282602
0.845048958437 0.773026937172 0.0310476714584
0.892660363204 0.828545886457 0.00270012135647
0.453229570858 0.657766923666 3.26128013484e-16
0.758908381513 0.730799598405 0.0588844527744
0.857034192678 0.781420112967 -0.0863251088477
0.639034705366 0.807285071643 0.0381742118342
0.915262743736 0.932288776659 -0.105246127852
0.867110506636 0.792565596167 0.174745034352
0.865127594001 0.87369239045 -0.0767531804258
0.837657138921 0.807916133515 -0.00672889117297
0.80759136256 0.761963347598 0.0788384302154
0.791053765799 0.738069457972 -0.100780497113
0.754777937022 0.801285595573 0.000546360195363
0.632441682152 0.508849023547 -0.0254783843994
0.847078897902 0.740101371472 0.0263805667982
0.869003494643 0.724612060284 0.0974194553408
0.870877681476 0.792063581131 0.0210104136366
0.66489303765 0.756639342564 -0.112713273464
0.656459917746 0.763313597191 0.0747204785254
0.745436716518 0.752271691819 -0.0255913315064
0.911381401009 0.874933007808 -0.0563641408123
0.580273203449 0.813502974261 -0.0341561877935
0.724380152277 0.786266679723 0.0851524526348
0.88241507633 0.803164707321 -0.0536079624556
0.832014645124 0.825567951552 0.00105205872151
0.654576429601 0.779264534875 -0.00476937900956
0.467153539176 0.753962625534 0.115287214396
0.861438098389 0.821805899999 -0.109498913299
0.834509827609 0.671296118281 -0.0277112327146
0.850526715075 0.809467667809 0.0104588251321
0.855332750222 0.804349727237 -0.0043959148449
0.869010388905 0.697399503793 0.0862673744995
0.930052704522 0.812652577144 -0.117942030774
0.84108812096 0.804108481816 0.0469206328309
0.870523409437 0.930486645023 0.00723952674745
0.398215877181 0.675291899674 -0.0209539163577
0.833917777441 0.580561635401 0.0149313067082
0.322721047963 0.716818003963 0.0781078494102
0.868091514945 0.742396963333 -0.0826097910154
0.645187821768 0.799207281933 0.00225891943414
0.862409043244 0.820792303913 -0.00997617101983
0.749621062247 0.817680355211 -0.00578347942932
0.3764992166 0.586830969995 -0.000786233852375
0.726293950012 0.805815097388 0.0141348013046
0.82805558862 0.702605014151 0.0598062406201
0.825728612782 0.671208108455 -0.0528207623195
0.715304874353 0.623083635389 0.00146715637705
0.823042016461 0.792625252496 0.260002853314
0.767050062899 0.64364961485 -0.277137945284
0.77607961016 0.908132256576 0.0102619674794
0.827892511079 0.745574824782 -0.0071024076411
0.824529559375 0.735062198075 0.00262928818757
0.824002668095 0.692243061987 0.0158825565109
0.099839547455
0.676356406115
0.750627652378 0.777366692641 0.000839057621938
0.910364003218 0.841028475473 5.52807157208e-06
0.867468809699 0.826675631907 0.000563188237233
0.779902729359 0.787520927787 0.00064334896908
0.589189757588 0.651675648255 0.000169109929367
0.748124264095 0.785959315276 3.38948182189e-05
0.73699464993 0.779611626925 4.68702825521e-05
0.894184640161 0.785275788842 0.00178087907735
0.845072705005 0.837115322793 0.00218973866582
0.821203924443 0.823068883534 0.000915717503657
0.785155864167 0.749074618869 0.00355854653527
0.897383539464 0.828538603122 0.080829496488
0.811669810296 0.803944081661 0.0521347047953
0.812341347267 0.822221746136 0.0262930120214
0.789282609313 0.679997879807 0.0174742963756
0.644627677177 0.583912600981 0.0282228143553
0.835377346237 0.740926234975 0.0140279607158
0.682152430532 0.764690663677 0.129913835855
0.801516026636 0.790396398803 0.0687316359614
0.601848456581 0.624374525872 0.00952527085064
0.447927383826 0.527486073258 0.00882389110891
0.81666019057 0.710181477409 0.0136002512593
0.807607257951 0.67129299677 0.0190070048719
0.886691661509 0.838138353082 0.0153015497052
0.845048958437 0.821924509324 0.385202512061
0.892660363204 0.831862820743 0.00518534347464
0.453229570858 0.645728263634 0.0
0.758908381513 0.795590489051 0.00367704761973
0.857034192678 0.74692158229 0.0033214252626
0.639034705366 0.610095526228 0.00231974240058
0.915262743736 0.829014838585 0.00351829605694
0.867110506636 0.828867727502 0.00320677495839
0.865127594001 0.84721287244 0.00280684438415
0.837657138921 0.812658914804 0.00275807413039
0.80759136256 0.79245131947 0.00191359674849
0.791053765799 0.804870386001 0.00252892316815
0.754777937022 0.80340564102 0.00247437628352
0.632441682152 0.485010256497 0.00229917889792
0.847078897902 0.819721581998 0.00159165677395
0.869003494643 0.832877157615 0.00232533485378
0.870877681476 0.831515581214 0.00155433311793
0.66489303765 0.679098899935 0.00234645902909
0.656459917746 0.728411073046 0.00298268226359
0.745436716518 0.445318944995 0.0035374865491
0.911381401009 0.815201077876 0.00462890893064
0.580273203449 0.794690387495 0.00357098416082
0.724380152277 0.68287521225 0.00199876239518
0.88241507633 0.83908584309 0.00136833081472
0.832014645124 0.810684076235 0.00185104778727
0.654576429601 0.785132872337 0.00156667700899
0.467153539176 0.720499235026 0.00123154666183
0.861438098389 0.822445887644 0.00167010677307
0.834509827609 0.74273936721 0.00131492458636
0.850526715075 0.827938514607 0.00239496765359
0.855332750222 0.802107479837 0.00243497216494
0.869010388905 0.82488038646 0.00142817964696
0.930052704522 0.825923974992 0.00146614260122
0.84108812096 0.808841052559 0.0028712030474
0.870523409437 0.811646726365 0.00266196380781
0.398215877181 0.414409737206 0.00197372181178
0.833917777441 0.620673947029 0.0026973527964
0.322721047963 0.678895726834 0.00160344392533
0.868091514945 0.734516924241 0.00119341171893
0.645187821768 0.799245175473 0.00147003231707
0.862409043244 0.80666165686 0.00259483331323
0.749621062247 0.736160222533 0.000979868531248
0.3764992166 0.497534263013 0.00110736973571
0.726293950012 0.819602617307 0.00158439108203
0.82805558862 0.782521224301 0.00175119357819
0.825728612782 0.74673822253 0.00180279618099
0.715304874353 0.638287142106 0.00123921784494
0.823042016461 0.823744087238 0.000934433435884
0.767050062899 0.737163523066 0.000755438982939
0.77607961016 0.755435048042 0.000899157138597
0.827892511079 0.807041445318 0.00196530234443
0.824529559375 0.701583759245 0.00435151916546
0.824002668095 0.754532964611 0.0084561059464
0.113425362084
0.582282994343
0.750627652378 0.810281224127 0.00598351211124
0.910364003218 0.836979324423 0.000126101146322
0.867468809699 0.796333413672 0.00429314638899
0.779902729359 0.76479218595 0.00520881353972
0.589189757588 0.676962722663 0.00388932167447
0.748124264095 0.763651839121 0.000590476508214
0.73699464993 0.796631097185 0.00154853091283
0.894184640161 0.75975392351 0.00465489728396
0.845072705005 0.813502939748 0.00786606667809
0.821203924443 0.78740134873 0.00960607438304
0.785155864167 0.798824018649 0.0185800010812
0.897383539464 0.810406638345 0.231786433213
0.811669810296 0.822337022781 0.0110116250762
0.812341347267 0.810618691672 0.016159366247
0.789282609313 0.703977390963 0.0076676725196
0.644627677177 0.665252141809 0.00928913781377
0.835377346237 0.705623825669 0.00839371074744
0.682152430532 0.791170963005 0.0164084867187
0.801516026636 0.711785028831 0.0104580800104
0.601848456581 0.675383054729 0.00781404729492
0.447927383826 0.525118542485 0.00709315143886
0.81666019057 0.683719042122 0.00606022786309
0.807607257951 0.713681839807 0.0123825216093
0.886691661509 0.820506970028 0.00840470470224
0.845048958437 0.802310989249 0.215788809433
0.892660363204 0.809415688089 0.0333155536412
0.453229570858 0.689583414735 0.0
0.758908381513 0.809033043298 0.00372765639143
0.857034192678 0.741280055661 0.00371361744084
0.639034705366 0.671937109128 0.00381367840977
0.915262743736 0.821888146441 0.00374223112478
0.867110506636 0.813076104577 0.00398116922329
0.865127594001 0.833573500309 0.00389600585521
0.837657138921 0.778563245734 0.00333251158486
0.80759136256 0.794971288132 0.00315366344507
0.791053765799 0.772817821849 0.00326182826984
0.754777937022 0.792616309066 0.00357962780398
0.632441682152 0.497853279916 0.00343632690438
0.847078897902 0.815936627852 0.00345391620499
0.869003494643 0.819899105988 0.00474870740922
0.870877681476 0.807299775603 0.00452466259209
0.66489303765 0.721997444198 0.00418537819634
0.656459917746 0.698289263798 0.00749615735849
0.745436716518 0.660714615257 0.00787415579553
0.911381401009 0.818399241502 0.00922227991609
0.580273203449 0.815882811699 0.00729911037661
0.724380152277 0.681525696983 0.00802150985305
0.88241507633 0.829371075445 0.00610059005938
0.832014645124 0.835332478278 0.00509394063978
0.654576429601 0.793308924867 0.00465247368097
0.467153539176 0.789685172741 0.0049674433287
0.861438098389 0.812159116772 0.00782638368185
0.834509827609 0.70832411753 0.00700814667031
0.850526715075 0.837070649497 0.00923041624901
0.855332750222 0.779247319041 0.0063064640528
0.869010388905 0.788826799475 0.0039127305626
0.930052704522 0.798195994873 0.00487807347281
0.84108812096 0.821530565079 0.00430227766088
0.870523409437 0.836610092883 0.0041570186636
0.398215877181 0.570221687661 0.003899880256
0.833917777441 0.605379978321 0.00400421663094
0.322721047963 0.738297200633 0.00379696441055
0.868091514945 0.756549373644 0.00345391863459
0.645187821768 0.804970333142 0.00451554269359
0.862409043244 0.809805983996 0.00344047590739
0.749621062247 0.804503060195 0.00334417453228
0.3764992166 0.512132695768 0.00526010119115
0.726293950012 0.804943882437 0.00912407438064
0.82805558862 0.768865405938 0.00591337961134
0.825728612782 0.729768181206 0.00489526875763
0.715304874353 0.618563462608 0.0027037114946
0.823042016461 0.808240203378 0.0026980834048
0.767050062899 0.702860868406 0.00290941992502
0.77607961016 0.806719252444 0.00560519566207
0.827892511079 0.787059570665 0.00974899766684
0.824529559375 0.71328332586 0.0271099083998
0.824002668095 0.707637169767 0.0682960635254
