RMSE(LR) = 0.11340751485
Explained Variance(LR) = 0.228129760769
Kendall Tau, P_value(LR) = 0.559734513274 1.51138863696e-18

Resid Measured_s2   Predicted_s2   s2_diff         Regression Coefficients
1.0 0.797367906216 0.724935155278 0.0724327509377 0.0358499031361
2.0 0.860580382116 0.814373217422 0.0462071646944 -0.0221012555546
3.0 0.85834926324 0.880116712377 -0.0217674491375 -0.00575185202242
4.0 0.853475290909 0.762888176098 0.0905871148113 -0.00233625843972
5.0 0.84357737211 0.754896194328 0.0886811777816 -0.00190343534215
6.0 0.85192871712 0.829840955758 0.0220877613617 -0.00896196765627
7.0 0.856036850328 0.791210236167 0.0648266141609 0.00520486587915
8.0 0.826133435015 0.739183828923 0.0869496060919 0.0133558069278
9.0 0.761739309437 0.619985695776 0.141753613661 -0.0252727551727
10.0 0.665135868177 0.468441844937 0.19669402324 0.0115324184005
11.0 0.453229570858 0.690783039106 -0.237553468248 0.000384529844391
12.0 0.201521645996 0.356357809369 -0.154836163373 0.0436434465933
13.0 0.809433987834 0.8074410117 0.0019929761337 2.71412099967e-05
14.0 0.853889974207 0.781433016001 0.0724569582056 -2.05624484529e-05
15.0 0.865520170334 0.87443134971 -0.00891117937551 0.000522366882811
16.0 0.850794106766 0.701872758169 0.148921348597 0.00344019551642
17.0 0.829504396303 0.827302133449 0.0022022628536 -6.0597924956e-05
18.0 0.817513651735 0.643949089665 0.17356456207 6.0845454535e-05
19.0 0.802298426107 0.778722648285 0.0235757778224 -0.000134673465718
20.0 0.757504276967 0.441770732406 0.315733544561 -0.00253058950539
21.0 0.758665738462 0.613004773475 0.145660964987 -0.00341603529268
22.0 0.773312621189 0.563247208729 0.21006541246 -0.00859197658259
23.0 0.866488403225 0.817344626725 0.0491437764999 -0.0123947580096
24.0 0.874876185351 0.751131350342 0.123744835009 -0.0121112455867
25.0 0.862149149714 0.819533006836 0.0426161428782 0.0308721649835
26.0 0.858208068062 0.805384770743 0.0528232973189 -0.0018336188299
27.0 0.866965686516 0.94770525893 -0.0807395724136 8.84708972748e-17
28.0 0.610199028269 0.86434147033 -0.254142442061 0.0587507551647
29.0 0.870025692183 0.784424179687 0.0856015124964 -0.0208118895003
30.0 0.874797518299 0.87211490266 0.00268261563938 0.0309766940344
31.0 0.864267087396 0.878601793581 -0.0143347061855 -0.0381250999534
32.0 0.841471668278 0.881800915547 -0.0403292472687 0.0592539624373
33.0 0.842565632659 0.874035603853 -0.031469971194 -0.0526047188953
34.0 0.818741020547 0.761688243349 0.057052777198 0.047225419104
35.0 0.782915125881 0.751329993122 0.0315851327586 -0.0148759129155
25.0 0.835262157743 0.87926599613 -0.0440038383875 -0.0337803584506
29.0 0.849284670213 0.708880895782 0.140403774431 -0.0855076312229
30.0 0.859660505959 0.844860633655 0.014799872304 0.0423853432306
31.0 0.860814379415 0.81267342694 0.0481409524746 -0.0214480006725
32.0 0.847453251849 0.848592538867 -0.00113928701831 0.119767985052
3.0 0.831138948291 0.835202174791 -0.00406322650019 -0.018071625628
4.0 0.815544812019 0.673883731423 0.141661080596 -0.0226083053353
5.0 0.799283071469 0.744854761689 0.0544283097801 -0.0522567882076
6.0 0.811626239916 0.752790592647 0.058835647269 0.0509503853997
7.0 0.81472899248 0.770181444357 0.0445475481232 -0.0309000937315
9.0 0.698090605191 0.502677636663 0.195412968528 0.00803253639094
10.0 0.57109343066 0.32132634958 0.24976708108 -0.0778377672521
11.0 0.470150178151 0.690196060415 -0.220045882264 0.0354888484975
12.0 0.362028396382 0.265221710013 0.0968066863686 0.101488726853
13.0 0.818951136094 0.749099547887 0.0698515882068 -0.0590563944326
14.0 0.826512552458 0.665281698029 0.161230854429 0.0590662902408
16.0 0.82805558862 0.700942856058 0.127112732562 -0.0153157547856
18.0 0.806618291692 0.654411048511 0.152207243181 -0.0515677285836
19.0 0.791630762989 0.697066492601 0.094564270388 0.0229495749155
20.0 0.57520474948 0.445542122362 0.129662627118 -0.023519648114
21.0 0.710715821944 0.55146742257 0.159248399374 0.00403067011796
24.0 0.82653742244 0.687953856364 0.138583566076 0.000650473830387
26.0 0.83335132482 0.787967834175 0.045383490645 -0.024196785788
34.0 0.827892511079 0.745987291947 0.0819052191317 0.020943927445
35.0 0.806840390225 0.728644767844 0.0781956223811 0.059294870159
3.0 0.814897676407 0.794460294361 0.0204373820464 -0.0758849353096
4.0 0.806696144196 0.735914397139 0.0707817470571 0.130547133981
5.0 0.807980407878 0.717018143638 0.0909622642397 -0.1511321649
6.0 0.814215193123 0.759760800021 0.0544543931022 0.0285573588289
7.0 0.812090614628 0.774577115522 0.0375134991058 -0.0262387454495
9.0 0.720134378141 0.545825672111 0.17430870603 0.0503720814197
10.0 0.572074815485 0.336258770484 0.235816045001 -0.0684171502874
11.0 0.493056803336 0.639853714901 -0.146796911565 0.0623595879063
12.0 0.200326011493 0.313119960912 -0.112793949419 0.106854486152
13.0 0.843458938273 0.804243288183 0.0392156500899 -0.0835653435978
14.0 0.856641434625 0.739471214324 0.117170220301 0.0337829124427
16.0 0.811134529589 0.699774934261 0.111359595328 0.189698532335
18.0 0.844944905513 0.596991137971 0.247953767542 -0.323878808735
19.0 0.761653846319 0.657439973226 0.104213873093 0.148271419082
20.0 0.49244675259 0.358859760222 0.133586992368 -0.0853201018474
21.0 0.753542918394 0.65193270878 0.101610209614 0.0809825813449
24.0 0.846242838066 0.695464724365 0.150778113701 -0.113521640649

___________________________________________________________________

RMSE(RF) = 0.103805295813
Explained Variance(RF) = 0.353304781701
Kendall Tau, P_value(RF) = 0.446902654867 2.26422124931e-12

Resid Measured_s2   Predicted_s2   s2_diff       Feature Importances
1.0 0.797367906216 0.679169042492 0.118198863724 0.00125159971949
2.0 0.860580382116 0.828000180481 0.032580201635 0.000271065338152
3.0 0.85834926324 0.825158088634 0.0331911746056 0.00016682625625
4.0 0.853475290909 0.807647180533 0.0458281103756 0.000147106138432
5.0 0.84357737211 0.812389651389 0.0311877207208 9.50487902952e-05
6.0 0.85192871712 0.831169198585 0.020759518535 4.19630780374e-05
7.0 0.856036850328 0.738393792515 0.117643057813 2.17110364824e-05
8.0 0.826133435015 0.579066493461 0.247066941554 0.0052972924301
9.0 0.761739309437 0.661950046731 0.0997892627064 0.00115856293436
10.0 0.665135868177 0.442497416519 0.222638451658 0.00277375532103
11.0 0.453229570858 0.725392855671 -0.272163284813 0.00183369601943
12.0 0.201521645996 0.36509626859 -0.163574622594 0.0775589378835
13.0 0.809433987834 0.839052544946 -0.0296185571125 0.047637674598
14.0 0.853889974207 0.824302210637 0.0295877635703 0.0279270821139
15.0 0.865520170334 0.805756878661 0.0597632916731 0.0266680651855
16.0 0.850794106766 0.692382835779 0.158411270987 0.0377199895365
17.0 0.829504396303 0.791677920956 0.0378264753469 0.0160943236198
18.0 0.817513651735 0.699637887651 0.117875764084 0.115185294718
19.0 0.802298426107 0.789002292819 0.0132961332877 0.0529720875467
20.0 0.757504276967 0.621699753341 0.135804523626 0.0107863269823
21.0 0.758665738462 0.49939738217 0.259268356292 0.00733062541475
22.0 0.773312621189 0.655101727917 0.118210893272 0.0136011428362
23.0 0.866488403225 0.785197953458 0.0812904497674 0.0536302204534
24.0 0.874876185351 0.752219079536 0.122657105815 0.0243115103003
25.0 0.862149149714 0.803008630198 0.059140519516 0.349417605135
26.0 0.858208068062 0.823938483582 0.0342695844795 0.00426461773122
27.0 0.866965686516 0.817962605172 0.049003081344 0.0
28.0 0.610199028269 0.74744692754 -0.137247899271 0.00272469914821
29.0 0.870025692183 0.784849245142 0.0851764470412 0.00231059795644
30.0 0.874797518299 0.836466018209 0.0383315000905 0.00190964431719
31.0 0.864267087396 0.828421030116 0.0358460572801 0.00199603576769
32.0 0.841471668278 0.817048671981 0.0244229962967 0.00136785061426
33.0 0.842565632659 0.807629113786 0.0349365188735 0.0012142719609
34.0 0.818741020547 0.801874461586 0.0168665589607 0.00187555380154
35.0 0.782915125881 0.756991590807 0.0259235350739 0.00107367989957
25.0 0.835262157743 0.795539510524 0.0397226472194 0.00209695142866
29.0 0.849284670213 0.804963082838 0.0443215873749 0.00176151830812
30.0 0.859660505959 0.83048802237 0.0291724835891 0.00129204920824
31.0 0.860814379415 0.82070264658 0.0401117328346 0.00165110265138
32.0 0.847453251849 0.796668353813 0.0507848980359 0.00162297147945
3.0 0.831138948291 0.813685475191 0.0174534730996 0.00230786309694
4.0 0.815544812019 0.794284259528 0.0212605524906 0.00248472287085
5.0 0.799283071469 0.791791438651 0.00749163281786 0.00504240345435
6.0 0.811626239916 0.827335061903 -0.0157088219875 0.003932