0.258657189127
0.12576429215
0.120149931611
-2.15023784557
0.25525269767
0.320262401096
0.298778230285 0.000165846627077
0.416512402814 1.52034795657e-07
0.460199925953 6.60178319336e-09
0.671696121785 0.451580286026 0.609629214884 0.63489781543 0.220115835759 0.0620669069009 0.0367983063546 -4620680221.45 0.0 0.0
0.49244675259 0.394420266151 0.430947120937 0.414214907934 0.0980264864386 0.0614996316529 0.078231844656 9269697197.9 0.0 0.0
0.830015354782 0.644565105438 0.772865245825 0.767756253826 0.185450249344 0.0571501089571 0.0622591009562 1736631223.22 0.0 0.0
0.806696144196 0.744441151619 0.78822981704 0.771576423602 0.062254992577 0.0184663271564 0.0351197205943 1039533167.09 0.0 0.0
0.849064818472 1.13323438168 0.695351443947 0.723962949828 -0.284169563204 0.153713374525 0.125101868644 -1756929359.61 0.0 0.0
0.237307368923 0.54768717289 0.364998561692 0.359575135866 -0.310379803967 -0.127691192769 -0.122267766943 1140888926.74 0.0 0.0
0.892921135607 0.828230023384 0.810236026816 0.787539082499 0.0646911122229 0.0826851087905 0.105382053108 452026308.94 0.0 0.0
0.834918094204 0.671362876892 0.736669884227 0.731484239233 0.163555217312 0.0982482099768 0.103433854971 69215481.7481 0.0 0.0
0.883364174988 1.16865301132 0.753361787468 0.76833452175 -0.285288836334 0.13000238752 0.115029653238 2338191.09984 0.00111695547881 0.00699579652456
0.825380286061 0.943259119987 0.766576364376 0.764596704905 -0.117878833926 0.058803921685 0.0607835811555 -838015.121381 0.0 0.0
0.851711517786 1.15940141678 0.772676802314 0.790856652459 -0.307689898993 0.0790347154723 0.0608548653271 2338191.03397 0.00107920537908 0.00748727386263
0.672875904527 0.351006031036 0.547995505306 0.559931321418 0.321869873491 0.124880399221 0.112944583109 0.0843315105885 0.00807023738948 0.0385618003394
0.761653846319 0.691549420357 0.720198500711 0.722665672326 0.0701044259622 0.0414553456082 0.0389881739926 -0.000184059143066 0.0253328630517 0.00515546542981
0.648696034398 0.523072719574 0.758390885792 0.752999625479 0.125623314824 -0.109694851394 -0.104303591081 0.000222980976105 0.0224350993554 0.0184426767503
0.848501766158 0.770203828812 0.791397061608 0.772037608423 0.0782979373464 0.0571047045502 0.0764641577354 -0.000399820506573 0.00600096877212 0.00295481197383
0.851832144277 0.445845842361 0.734806177112 0.745327729902 0.405986301916 0.117025967165 0.106504414375 0.00419986993074 0.00794642139504 0.00703504766701
0.714281463048 0.120297551155 0.509816182654 0.505632473956 0.593983911893 0.204465280394 0.208648989092 -0.000509262084961 0.056166643011 0.00743487129632
0.385951090283 0.55854177475 0.498531587609 0.470273270242 -0.172590684467 -0.112580497326 -0.0843221799587 0.000503540039062 0.0318901404365 0.00403121041762
0.813113279479 1.02275967598 0.541305681951 0.597806589481 -0.209646396501 0.271807597528 0.215306689998 -0.000465087592602 0.0450569568034 0.0120223729794
0.846427379467 0.883124828339 0.696598516324 0.685536693681 -0.0366974488716 0.149828863143 0.160890685786 -0.0220066159964 0.00504065516894 0.0083849581314
0.811596240983 1.02645587921 0.788445130711 0.790086543328 -0.214859638228 0.0231511102723 0.0215096976552 0.0126186311245 0.00376539583232 0.00847492382241
0.792075897846 0.412489295006 0.542161028359 0.526695420476 0.37958660284 0.249914869487 0.26538047737 0.00245378911495 0.00529579633106 0.0062918274769
0.869010388905 0.296722054482 0.767474990679 0.770329001645 0.572288334423 0.101535398226 0.0986813872602 -0.0375516563654 0.00850703447751 0.0105591352654
0.843370191456 0.503462553024 0.805250630738 0.781299401661 0.339907638432 0.0381195607185 0.0620707897948 -0.0596249699593 0.0111561175241 0.0112546316872
0.741288375134 0.52369093895 0.709481844287 0.709034825688 0.217597436184 0.0318065308473 0.0322535494455 -0.0112929418683 0.0914613053997 0.0961756104863
0.593177042242 0.365218877792 0.69771624368 0.671968296793 0.22795816445 -0.104539201438 -0.0787912545508 0.00294968485832 0.00489320892314 0.0129743377729
0.858560675874 0.859909176826 0.752259939177 0.770093588208 -0.00134850095248 0.106300736697 0.0884670876657 101205.731205 0.0 0.0
0.84989686141 0.910050153732 0.727840820851 0.749952260155 -0.0601532923223 0.122056040559 0.0999446012551 0.0483848787844 0.00753091621075 0.00695038236649
0.838585319164 0.789219737053 0.745000784059 0.747795979909 0.0493655821111 0.0935845351048 0.0907893392552 -0.0980708850548 0.00566575175984 0.00406639567717
0.622356268878 0.319303274155 0.538051946409 0.575135236957 0.303052994723 0.0843043224692 0.047221031921 0.21397058107 0.00718698923729 0.0048996415124
0.850516634383 0.820724129677 0.766859922249 0.779889379668 0.0297925047062 0.0836567121341 0.0706272547152 -0.359684595838 0.00702716942046 0.00654360496797
0.424683395663 0.834043502808 0.659657756613 0.652118799635 -0.409360107145 -0.23497436095 -0.227435403972 0.342220718041 0.00722471854531 0.00655138755286
0.555572228156 0.729391217232 0.764351542606 0.76599830241 -0.173818989076 -0.20877931445 -0.210426074254 -0.274967173114 0.015603610727 0.0111910799577
0.720134378141 0.856568217278 0.601343051053 0.60397072187 -0.136433839137 0.118791327088 0.116163656271 0.287128819153 0.00670015786274 0.00468544866202
0.722082122961 0.372973680496 0.792285829614 0.767127910067 0.349108442465 -0.0702037066533 -0.0450457871055 -0.0411712899804 0.00356298073018 0.00627103699643
0.835007720872 0.614725828171 0.770799062115 0.74393470946 0.220281892701 0.064208658757 0.0910730114124 -0.047210464254 0.00936210398783 0.00868982698929
0.83895648679 0.376915097237 0.673529422438 0.730331111302 0.462041389553 0.165427064352 0.108625375488 0.294954481535 0.00715218929197 0.00958169988115
0.807980407878 0.875930070877 0.746657562848 0.742001102168 -0.0679496629991 0.0613228450304 0.0659793057103 -0.295018507168 0.00920119888772 0.00603181150087
0.792388775631 1.03238904476 0.47834266819 0.483823704543 -0.240000269131 0.314046107441 0.308565071088 -0.154341756366 0.00588044473042 0.00647335245005
0.789833458724 1.09367251396 0.675554239697 0.706537617094 -0.303839055238 0.114279219027 0.0832958416298 -0.0724914707243 0.0113853915897 0.00972689653108
0.884873454147 0.917020797729 0.790232663751 0.785930370176 -0.0321473435825 0.0946407903965 0.0989430839712 -0.0236681010574 0.00462962820077 0.00615776799351
0.698343952492 0.588329434395 0.727485099723 0.751491738324 0.110014518097 -0.0291411472315 -0.0531477858322 0.192809166387 0.00585396389508 0.00457817085225
0.759154886 0.952649831772 0.732974938803 0.736394328546 -0.193494945772 0.0261799471974 0.0227605574544 0.0322408601642 0.00381212662533 0.00586215292023
0.845060798027 0.652648568153 0.772959232001 0.775195758442 0.192412229874 0.0721015660257 0.0698650395855 1.11359581165 0.00194718469359 0.005754673793
0.659743647428 0.894594788551 0.498900799363 0.462433729012 -0.234851141123 0.160842848065 0.197309918416 -0.521764513105 0.0033880877883 0.00771488533043
0.706416633913 0.459977149963 0.818865048749 0.791177065018 0.24643948395 -0.112448414836 -0.0847604311049 -1.1414935533 0.00447084731301 0.00709159262644
0.800062033685 0.593084335327 0.785077004546 0.783967762117 0.206977698358 0.0149850291391 0.0160942715681 0.638223221526 0.00644600313662 0.00715736409069
0.837657138921 0.851130843163 0.772618873549 0.774553716736 -0.0134737042415 0.0650382653716 0.0631034221847 0.394672681578 0.00876154858503 0.0123284672989
0.872023909376 0.899386644363 0.715170718094 0.765176885497 -0.0273627349874 0.156853191282 0.106847023879 0.296280073002 0.0187255743113 0.0165958891483
0.83485506051 0.507577419281 0.556537695158 0.58780649238 0.327277641229 0.278317365352 0.24704856813 -0.809008467942 0.0660611643611 0.0269230018209
0.350068114957 0.18264734745 0.324742280501 0.365498183811 0.167420767507 0.0253258344559 -0.0154300688545 -0.605692654848 0.0119361863117 0.029809231732
0.835214697086 1.22003424168 0.747595762432 0.743736803765 -0.38481954459 0.0876189346543 0.0914778933211 -0.173181198537 0.0378201465439 0.028599829141
0.492045314391 0.65925526619 0.487480105379 0.517773219841 -0.167209951799 0.00456520901202 -0.0257279054496 1.21580711752 0.00457095570301 0.0238874411909
0.872011731244 1.17489552498 0.792768752536 0.780683209698 -0.302883793735 0.0792429787076 0.0913285215455 0.103100251406 0.016035385266 0.0253034515792
0.64618948158 0.744164466858 0.763441762301 0.775274302506 -0.0979749852779 -0.117252280721 -0.129084820926 -0.947879504412 0.00961758411319 0.0232918341465
0.758744807831 0.127866387367 0.648621280951 0.642780787243 0.630878420464 0.11012352688 0.115964020588 0.228665072471 0.00256907326426 0.00988661043632
0.376183626409 0.506608843803 0.624445357457 0.613515457544 -0.130425217394 -0.248261731048 -0.237331831135 1.05017001182 0.00429684832998 0.0114647459341
0.83821117175 0.556901574135 0.790045138961 0.779281515855 0.281309597615 0.048166032789 0.0589296558948 -0.737279204652 0.00415871005195 0.0174393103119
0.778522801517 0.670829176903 0.76669469382 0.755471095512 0.107693624614 0.0118281076969 0.0230517060047 0.559565644711 0.00589575041763 0.0106157314493
0.374353339888 0.968078970909 0.385680664851 0.38289870453 -0.593725631021 -0.0113273249634 -0.00854536464222 -0.519114509225 0.002830975722 0.0112496765285
0.651995687637 0.480536222458 0.603228773648 0.642954104628 0.171459465179 0.0487669139889 0.00904158300938 0.394758440554 0.00355926109762 0.00921198695895
0.744444891757 0.60911667347 0.669130009798 0.673866828053 0.135328218287 0.0753148819594 0.0705780637038 -1.52920299768 0.00652366719369 0.0160407767736
0.745383778025 0.645318627357 0.772283177388 0.750162534032 0.100065150668 -0.0268993993633 -0.00477875600691 0.971880916506 0.00401801187541 0.0195991441352
0.825728612782 0.588094115257 0.705917188732 0.68269658195 0.237634497525 0.11981142405 0.143032030832 0.383180703968 0.00478404700595 0.0153574235167
0.687894187072 0.671442747116 0.698448120984 0.691391992416 0.0164514399559 -0.0105539339117 -0.00349780534415 -0.963465679437 0.00729974601494 0.0199705810317
0.646679793343 0.387055158615 0.423098185137 0.457169170718 0.259624634728 0.223581608206 0.189510622625 1.00247146934 0.00704748976924 0.0208994251851
0.811134529589 0.964047431946 0.748860562508 0.760974977047 -0.152912902357 0.0622739670811 0.0501595525421 -0.209422364831 0.0258351416501 0.0285486263132
0.75558494381 0.898006916046 0.75195441583 0.74892834035 -0.142421972236 0.00363052798004 0.00665660345966 0.259757088497 0.00728137040674 0.0249371369289
0.556916591699 0.591621518135 0.692999278179 0.719622387582 -0.0347049264361 -0.13608268648 -0.162705795883 1.47968530655e-05 0.0237829260728 0.0172833666922
0.882050742869 1.18973517418 0.726156628529 0.753441762726 -0.30768443131 0.15589411434 0.128608980143 -0.896834071726 0.0236839497365 0.0275995291555
0.753542918394 0.597095370293 0.654473435091 0.634612124514 0.156447548101 0.0990694833028 0.11893079388 0.430236618966 0.0572106639774 0.0180965509068
0.749947861681 1.0409103632 0.47333977992 0.471341627692 -0.290962501516 0.276608081761 0.278606233989 0.730810385197 0.075494336141 0.0274258825805
0.785042699919 0.434651613235 0.744222575221 0.747508921812 0.350391086684 0.0408201246977 0.0375337781066 -0.699432406574 0.0554050842684 0.0316099851909
0.738108593363 0.462765097618 0.66637771279 0.666549898835 0.275343495745 0.0717308805726 0.0715586945283 -0.0595112005249 0.00356886270951 0.0190428986483
