1.55166237517
0.112723484851
0.113545457935
-150.155385388
0.202266226506
0.190589752678
0.19387755102 0.0493769278753
0.312925170068 0.00151341193947
0.205782312925 0.0369786092122
0.811365021576 1.64660465717 0.803346180333 0.812281717193 -0.835239635597 0.00801884124251 -0.000916695616926 -19277637911.5 0.0 0.0
0.888687740174 0.917013645172 0.845365386858 0.831107907167 -0.0283259049981 0.043322353316 0.0575798330066 9246521544.01 0.0 0.0
0.686263298308 0.897387981415 0.521375401788 0.535938529128 -0.211124683107 0.16488789652 0.15032476918 12196673917.2 0.0 0.0
0.639489815014 0.669846057892 0.6574157885 0.668816820069 -0.0303562428778 -0.0179259734863 -0.0293270050552 11663157862.2 0.0 0.0
0.88152518605 0.411709547043 0.855745803679 0.832122213079 0.469815639007 0.0257793823705 0.0494029729713 -2642314667.86 0.0 0.0
0.751312299533 0.596356987953 0.788267038605 0.782646089551 0.15495531158 -0.036954739072 -0.0313337900175 676514351.306 0.0 0.0
0.679997349474 -1.19706404209 0.708344997866 0.69796111303 1.87706139157 -0.0283476483924 -0.0179637635562 255605043.402 0.0 0.0
0.693322320058 1.04133081436 0.840811410023 0.833007277185 -0.348008494304 -0.147489089965 -0.139684957127 86309738.9898 0.0 0.0
0.570681577096 0.807120919228 0.83186841589 0.837272054504 -0.236439342132 -0.261186838794 -0.266590477408 179521466.232 0.0 0.0
0.882878431791 0.385317444801 0.835468054121 0.815267344358 0.49756098699 0.0474103776705 0.067611087433 145676415.699 0.0 0.0
0.85415172951 1.32113957405 0.827674744294 0.834413649935 -0.466987844541 0.026476985216 0.0197380795751 14328859.2924 0.0 0.0
0.272987872453 -1.44093871117 0.511983165848 0.538057695589 1.71392658362 -0.238995293395 -0.265069823136 0.0273239538074 0.000335109216176 0.018322228895
0.890757451553 0.890187859535 0.813293334328 0.823504004352 0.000569592017783 0.0774641172245 0.0672534472015 -1.71661376953e-05 0.0343902895229 0.0180942284965
0.842982306015 1.12462007999 0.540230227903 0.57366082264 -0.281637773979 0.302752078112 0.269321483375 4.19616699219e-05 0.00634012310498 0.0169097557738
0.669258200512 1.36607837677 0.791977943104 0.792475356048 -0.696820176258 -0.122719742592 -0.123217155536 -0.00208417396061 0.00133090614602 0.00235176682188
0.783033000952 0.686750292778 0.757929993931 0.740724117745 0.096282708174 0.0251030070211 0.0423088832073 0.0245114564896 0.0379042065198 0.00903490068746
0.585553122167 0.484076023102 0.743873192559 0.722143669931 0.101477099065 -0.158320070392 -0.136590547764 -0.0013632774353 0.00467243688264 0.000889857337676
0.513128162416 0.259698867798 0.773451197315 0.776132530072 0.253429294618 -0.260323034899 -0.263004367656 0.00144815444946 0.00220310193887 0.00117472862448
0.881430298906 0.992563843727 0.841123411184 0.839802905554 -0.111133544821 0.040306887722 0.0416273933516 -0.00108885765076 0.00560179648656 0.00367803280053
0.842083972225 1.42049098015 0.80104236285 0.823548163048 -0.578407007923 0.0410416093748 0.018535809177 0.0107650756836 0.00286238932369 0.0035437113045
0.784441623316 0.610998749733 0.67758731284 0.678718445651 0.173442873583 0.106854310476 0.105723177665 -0.0273957252502 0.00463331597202 0.00255580277253
0.837041982155 0.0749570131302 0.838697328711 0.824651242492 0.762084969025 -0.00165534655599 0.0123907396635 0.0607209205627 0.0014432374044 0.00357091232612
0.758908381513 0.690686225891 0.828719920879 0.831054792931 0.0682221556219 -0.0698115393664 -0.0721464114183 0.111465573311 0.00236857577587 0.0024789489858
0.794948075677 0.76745569706 0.821125711423 0.829210599369 0.0274923786174 -0.0261776357463 -0.0342625236915 0.0845995545387 0.00256932004029 0.00115688792328
0.639034705366 -0.232122421265 0.736726578724 0.717996924551 0.871157126631 -0.0976918733582 -0.0789622191849 -0.0902686417103 0.00218389194528 0.0425271182936
0.752398353707 0.757926940918 0.827343044131 0.833463562185 -0.00552858721097 -0.0749446904244 -0.0810652084777 0.0427224040031 0.00163652719624 0.00951821530967
0.605850808 1.3336763382 0.832442097755 0.832223904393 -0.727825530196 -0.226591289755 -0.226373096393 169783.860238 0.0 0.0
0.878489136502 1.09936201572 0.823137735888 0.833752873739 -0.220872879222 0.0553514006135 0.0447362627626 0.289124090225 0.0284923145467 0.00389682475193
0.498917588535 -9.46701920033 0.502310364106 0.548090449058 9.96593678886 -0.00339277557063 -0.0491728605229 0.367122612894 0.00399819174145 0.00394840016596
0.7796679344 0.119203567505 0.780492245575 0.782873100228 0.660464366895 -0.000824311175337 -0.00320516582831 -0.131586225703 0.0115756413932 0.0169839284755
0.803596109721 1.44519877434 0.847271224997 0.825399786224 -0.641602664617 -0.0436751152757 -0.0218036765032 -1.86284764297 0.011073461972 0.0164764627994
0.853816796611 1.80027806759 0.843601125027 0.831162398328 -0.946461270978 0.010215671584 0.0226543982829 1.46640129946 0.00918885380556 0.0207209339519
0.78231880108 -0.251840114594 0.658115866799 0.653562753627 1.03415891567 0.124202934281 0.128756047453 -0.135574113578 0.0108470892976 0.0184612930691
0.787192697318 1.18611443043 0.758577707752 0.706402169879 -0.39892173311 0.0286149895656 0.0807905274389 0.892760522664 0.00727974612411 0.0252500613789
0.813801434143 0.721296072006 0.625828107181 0.623595415672 0.0925053621368 0.187973326962 0.190206018471 -0.758631438017 0.0122102000064 0.0303240909332
0.886500273144 1.05759084225 0.834743349193 0.827939690882 -0.171090569103 0.0517569239505 0.0585605822617 -0.0338805541396 0.0124299290341 0.0409806601157
0.899228399085 -0.068927526474 0.780142954729 0.794957557784 0.968155925559 0.119085444356 0.104270841301 -1.23373299092 0.0329673147188 0.0359285733309
0.850114682817 0.823210000992 0.835940860165 0.832366441633 0.0269046818252 0.0141738226521 0.0177482411839 -1.06904225796 0.121895286689 0.0464344539172
0.8873995934 0.895935177803 0.842619223559 0.825345612982 -0.00853558440304 0.0447803698408 0.0620539804181 1.75167776644 0.105330314952 0.0594129372762
0.815862831096 -0.0188183784485 0.75415249777 0.724962894282 0.834681209544 0.0617103333265 0.0908999368139 1.75836066157 0.0204830639491 0.0486857941263
0.81343400631 0.370460391045 0.758830855877 0.74812081372 0.442973615265 0.0546031504334 0.0653131925895 0.0205282121897 0.00901595762168 0.0313902630465
0.881119329286 2.18015062809 0.834239930035 0.833287147303 -1.2990312988 0.0468793992509 0.0478321819835 -1.70369064435 0.00866419989285 0.0339388654145
0.860306591936 0.514397263527 0.765275024784 0.770053691531 0.345909328409 0.095031567152 0.0902529004047 0.978089977056 0.0182849340502 0.043670151156
0.865339519742 0.0935487747192 0.81467653623 0.800587365247 0.771790745023 0.0506629835121 0.0647521544951 1.41694992781 0.106255355421 0.0543845444386
0.771812450024 0.791197896004 0.833590476657 0.831367073662 -0.0193854459797 -0.0617780266332 -0.0595546236384 -1.15109363571 0.0595839199282 0.0453863236613
0.682152430532 0.717408537865 0.768678435412 0.803118178933 -0.0352561073327 -0.0865260048796 -0.120965748401 -0.929154627025 0.0891957831797 0.0488376881204
0.88189377428 0.818383216858 0.745837021475 0.752250241951 0.0635105574221 0.136056752805 0.129643532329 0.127936892211 0.0367262383228 0.0217734246705
0.690365185613 0.42701613903 0.819678402141 0.83417423443 0.263349046583 -0.129313216528 -0.143809048817 -1.09122878686 0.022842960761 0.0162620312299
0.703900011763 0.160967111588 0.770746588227 0.764924410963 0.542932900175 -0.0668465764636 -0.0610243991996 -0.0413324683905 0.0141754341255 0.0200386354617
