0.182577989096
0.137550263517
0.142502230326
-0.014300601549
0.424304681812
0.382107153471
0.259649122807 0.000904060814734
0.357192982456 4.98095017571e-06
0.370526315789 2.17963386138e-06
0.856468606649 0.881188124418 0.796638329018 0.802706056647 -0.0247195177693 0.0598302776308 0.0537625500019 -3.58708031536e-11 0.0 0.0
0.635765388128 0.884827405214 0.790551046309 0.776897748506 -0.249062017086 -0.154785658181 -0.141132360378 567067891.026 0.0 0.0
0.601848456581 0.763018384576 0.719086121392 0.719077736764 -0.161169927995 -0.117237664811 -0.117229280183 -29947690.3533 0.0 0.0
0.825984225681 0.975714549422 0.82270167574 0.816240012492 -0.149730323741 0.00328254994149 0.00974421318921 5346087.66724 0.0 0.0
0.84822100404 0.839701682329 0.798539122466 0.801604536684 0.00851932171082 0.0496818815741 0.0466164673558 -131406278.53 0.0 0.0
0.59566159219 0.580738425255 0.62092174477 0.611485289807 0.0149231669352 -0.0252601525803 -0.0158236976169 43153031.2386 0.0 0.0
0.666899184244 0.913451567292 0.823201455188 0.820964744352 -0.246552383048 -0.156302270944 -0.154065560108 -3146371.97174 0.0 0.0
0.822728202034 0.787912532687 0.804601113741 0.792730362489 0.0348156693468 0.0181270882928 0.0299978395453 -175092.475887 0.000544228511813 0.00596468449751
0.847416055997 0.943367764354 0.763839625517 0.776159039098 -0.0959517083568 0.0835764304796 0.0712570168985 1988703.20896 0.0 0.0
0.82795046944 0.823227837682 0.771968190166 0.769316222546 0.00472263175823 0.0559822792738 0.0586342468936 -175092.478913 0.00118178909878 0.00690623906085
0.869696421108 0.730359658599 0.794925914132 0.790561281126 0.139336762509 0.0747705069758 0.0791351399825 -567615.15286 0.0 0.0
0.830458157783 0.831788673997 0.826994472956 0.8246366645 -0.00133051621393 0.00346368482743 0.00582149328261 0.0645140796551 0.0183939040343 0.0610372982295
0.901130851567 0.704347282648 0.80091523953 0.781393551105 0.196783568919 0.100215612037 0.119737300462 0.00012195110321 0.0373076485908 0.0144508646499
0.874642977892 0.678882405162 0.793379687612 0.79333798152 0.19576057273 0.0812632902795 0.0813049963717 -0.000106275081635 0.0102999877316 0.0133972848499
0.789171657502 0.723258435726 0.729461556808 0.713534981329 0.0659132217758 0.0597101006941 0.0756366761734 -0.000999710988253 0.0166516071793 0.00657800022705
0.849219260712 0.819982171059 0.801169704077 0.796799475184 0.0292370896533 0.048049556635 0.0524197855281 -0.00121047400171 0.0419773637488 0.011493065649
0.746486657166 0.686148539186 0.751881370647 0.73717779768 0.0603381179805 -0.00539471348135 0.00930885948622 7.39842653275e-05 0.0264454367762 0.00536016057742
0.826447926603 0.425294756889 0.715781497328 0.72558510477 0.401153169714 0.110666429275 0.100862821833 -7.60965049267e-05 0.0193213826137 0.00948927127237
0.195289032552 0.399983137846 0.488150268185 0.516240264897 -0.204694105294 -0.292861235633 -0.320951232345 -0.000175774097443 0.0273406187152 0.00791249616031
0.846256226026 0.772011145949 0.787697695368 0.798073971003 0.0742450800766 0.0585585306579 0.0481822550235 -0.0260181389749 0.0101826763578 0.00623734384365
0.143152438769 0.377315193415 0.471948577381 0.522296428772 -0.234162754646 -0.328796138612 -0.379143990003 -0.0139790140092 0.0170917850523 0.00731764877725
0.864561668632 0.958055570722 0.807447936211 0.82942725521 -0.0934939020896 0.0571137324208 0.0351344134224 -0.00209228089079 0.0085522846532 0.0101587550228
0.812831770957 0.921225607395 0.773909389264 0.769886949229 -0.108393836438 0.0389223816933 0.0429448217279 -0.000976517796516 0.0186924205693 0.0102586959238
0.859966732948 0.782755628228 0.758168778921 0.769771485594 0.0772111047198 0.101797954027 0.0901952473536 -0.0146812275052 0.00587820707784 0.00261354148549
0.854245934524 0.709990009665 0.750944694584 0.748023068631 0.144255924859 0.10330123994 0.106222865893 0.027876023727 0.14839005703 0.106433355313
0.861892620068 0.907367736101 0.853191316939 0.838064447829 -0.0454751160332 0.00870130312931 0.0238281722391 0.0152039007517 0.00668736708068 0.0211543482852
0.867381058611 0.73363378644 0.791999713074 0.784639287138 0.133747272171 0.0753813455369 0.0827417714734 -3258.82691983 0.0 0.0
0.851782757887 0.980279952288 0.834493432117 0.824928856788 -0.128497194401 0.0172893257705 0.0268539010992 0.121332947805 0.00809273976117 0.00786010870743
0.89067736004 0.781288355589 0.753821919448 0.766078331699 0.109389004451 0.136855440592 0.124599028341 -0.16190841957 0.0183729295927 0.00873864998827
0.776960476954 0.759507268667 0.78078323767 0.792695325884 0.0174532082868 -0.00382276071645 -0.0157348489296 -0.031334444473 0.0139899229422 0.00502638085718
0.907279753627 0.866420567036 0.769050441002 0.774044130921 0.0408591865913 0.138229312625 0.133235622706 -0.0233295156504 0.0364663930688 0.00874681008848
0.290824878215 0.702390685678 0.727281751982 0.727870374274 -0.411565807463 -0.436456873767 -0.437045496059 0.253695863241 0.00559935074713 0.00560296460291
0.831159343942 0.749130964279 0.795922455455 0.788359158285 0.0820283796628 0.0352368884866 0.0428001856575 0.0364483338199 0.0165863570705 0.00553812688085
0.293140962958 0.595021769404 0.62195042027 0.653455485629 -0.301880806446 -0.328809457312 -0.360314522671 -0.0498798252665 0.00889931040785 0.00459471139872
0.808108206365 0.911858558655 0.797327411626 0.785553216101 -0.10375035229 0.0107807947391 0.0225549902637 -0.222981451894 0.00619191938987 0.00852878372482
0.751672674578 0.867706686258 0.820589022707 0.806599349501 -0.11603401168 -0.0689163481292 -0.0549266749232 0.293992641731 0.00592460927816 0.009282981785
0.837896130702 0.886351779103 0.798208777683 0.793973195328 -0.0484556484013 0.0396873530189 0.0439229353738 -0.190827449784 0.00967681859157 0.00915041064607
0.848315937102 0.768729418516 0.83313069373 0.820425424337 0.0795865185858 0.0151852433717 0.0278905127651 -0.240696147608 0.00394973540083 0.0106382549388
0.09836708222 0.483583033085 0.671945443214 0.703652595868 -0.385215950865 -0.573578360994 -0.605285513648 0.294895741274 0.00404067014998 0.010232730716
0.867006722154 0.943629473448 0.767845265343 0.783798039831 -0.0766227512938 0.0991614568114 0.0832086823233 -0.126971849008 0.0136740998381 0.0116314582829
0.743579205212 0.48458173871 0.70410170374 0.722588727533 0.258997466502 0.039477501472 0.0209904776789 0.0435098462622 0.00550460191761 0.0198897144533
0.677108787922 0.538678869605 0.635520166894 0.628595006487 0.138429918317 0.041588621028 0.0485137814351 -0.124538197822 0.00194826816676 0.0114531675299
0.645187821768 0.66664353013 0.789834277405 0.78091564035 -0.0214557083624 -0.144646455637 -0.135727818582 0.147950852232 0.00261532622463 0.00813671153355
0.865643788968 0.793250054121 0.772298715098 0.764885947508 0.072393734847 0.0933450738703 0.10075784146 0.00583915709285 0.00443990954671 0.00684012194412
0.743060050088 0.858984827995 0.794567322402 0.811040373624 -0.115924777907 -0.0515072723143 -0.067980323536 -0.0499612691929 0.00415609963874 0.0116660523144
0.875119436555 0.902377560735 0.835184380464 0.828718555303 -0.0272581241797 0.0399350560906 0.0464008812523 0.101578860485 0.00458427379138 0.0110124554541
0.73699464993 0.871652022004 0.768974504212 0.786955251062 -0.134657372074 -0.0319798542818 -0.0499606011317 -0.26554932748 0.00329781890222 0.00612699284416
0.751836586228 0.71637712419 0.781157508564 0.79355648493 0.0354594620377 -0.0293209223363 -0.041719898702 0.075493675773 0.00381118601536 0.00584412986459
0.739874707334 0.695022821426 0.751291191463 0.745882899596 0.0448518859076 -0.0114164841287 -0.00600819226245 -0.195403370424 0.0227514760424 0.0187030793132
0.845980817687 0.683374986053 0.828499406309 0.823970350026 0.162605831634 0.0174814113778 0.0220104676614 0.089102862752 0.00468572621034 0.0155548210002
0.892756857577 0.696456328034 0.756645739253 0.760297931766 0.196300529543 0.136111118324 0.132458925811 0.112006154086 0.0101720204323 0.016739977843
0.821399346223 0.66855661571 0.78544405025 0.779153337396 0.152842730513 0.0359552959729 0.0422460088274 -0.172939970216 0.0119306287382 0.00902329823252
0.699136357522 0.844318076968 0.84403166952 0.836320996883 -0.145181719446 -0.144895311998 -0.137184639361 0.574023495254 0.0116424419448 0.0127019409713
0.842747092177 0.779188022017 0.797465781205 0.824512561292 0.0635590701595 0.0452813109716 0.0182345308848 -0.638088992564 0.0119304989339 0.0087228634084
0.780614829242 0.651624679565 0.798600647655 0.79171703731 0.128990149677 -0.0179858184133 -0.0111022080679 0.365160926362 0.0111888536421 0.010152420842
0.759618644478 0.632750943303 0.753400412427 0.750991535249 0.126867701175 0.00621823205129 0.00862710922877 0.270737708954 0.00604573389951 0.0077394675594
0.704140261266 0.40975086391 0.768574987461 0.765673152443 0.294389397356 -0.0644347261946 -0.0615328911766 -0.190673106757 0.00210832992155 0.00644130016337
0.652229273358 0.562600269914 0.62739789524 0.619304370792 0.0896290034443 0.024831378118 0.032924902566 -0.208962386358 0.00211384712973 0.00579337098221
0.33218033855 0.707008957863 0.695186112552 0.697045744898 -0.374828619313 -0.363005774002 -0.364865406348 0.398716400086 0.0105110626069 0.00941061781507
0.745989630374 0.693872869015 0.780426513767 0.776058699857 0.0521167613593 -0.0344368833926 -0.030069069483 -0.298182189348 0.00218332242194 0.0074524657927
0.8523181086 0.91513466835 0.811997167381 0.819178027431 -0.0628165597502 0.0403209412189 0.0331400811692 -0.0219596067909 0.00515131992327 0.0082985476005
0.830912110439 0.749053686857 0.778830821719 0.784814171823 0.0818584235818 0.0520812887202 0.0460979386158 0.421523117751 0.0152013590767 0.00719709466868
0.426342700898 1.08715231717 0.761741992564 0.775179823897 -0.660809616268 -0.335399291666 -0.348837122999 -0.111235218763 0.00429203262083 0.00965915183524
0.66489303765 0.814958050847 0.74955151957 0.75944157813 -0.150065013197 -0.0846584819202 -0.0945485404802 -0.776230878022 0.00633192034722 0.0133826416684
0.862650338333 0.677503824234 0.828551832237 0.821421918074 0.185146514099 0.0340985060957 0.0412284202591 0.34128226724 0.0049695323567 0.0121330839763
0.861432395533 0.881894290447 0.825543006707 0.817644902192 -0.0204618949142 0.0358893888262 0.043787493341 0.174756083637 0.00733961104038 0.0157257302393
0.901905686255 0.893423318863 0.796589722058 0.812201563516 0.00848236739208 0.105315964197 0.0897041227387 0.224219923111 0.0154861833387 0.0198398925888
0.741599035656 0.710518687963 0.750268447823 0.730257926374 0.0310803476925 -0.00866941216701 0.011341109282 0.255668432976 0.0190429271873 0.0237649807145
0.67139673069 0.65502654016 0.771299655954 0.748705098353 0.0163701905298 -0.0999029252636 -0.0773083676634 -0.203027816082 0.0217791103016 0.0249302951149
0.867206635447 1.05841965973 0.767395334757 0.791019249138 -0.191213024287 0.0998113006899 0.0761873863091 -0.533367543714 0.0325989702965 0.0333545937002
0.707664477372 0.814516305923 0.776550818055 0.773092454063 -0.106851828551 -0.0688863406833 -0.0654279766905 -0.0925073933904 0.0404586557712 0.0247143297159
0.835837478036 0.389483436942 0.726133655881 0.729471305597 0.446354041094 0.109703822155 0.106366172439 0.348663840239 0.0142586464462 0.0284355491108
0.398519810645 0.200728625059 0.493480784899 0.521938401187 0.197791185586 -0.0949609742542 -0.123418590542 -0.102671076253 0.0162219243885 0.0298363817253
0.807154098802 1.08319498599 0.774269661492 0.79476906858 -0.276040887184 0.0328844373098 0.0123850302224 0.202673107211 0.00912220734658 0.0222534281518
0.800096395735 1.0181003511 0.770601915249 0.775721375073 -0.21800395536 0.0294944804859 0.0243750206618 0.0113995573483 0.0220225623341 0.0355883246336
0.818057204622 0.765186995268 0.829247250967 0.803286453605 0.0528702093541 -0.0111900463452 0.0147707510167 -0.526815087884 0.0188348064675 0.0326455775829
