0.148254510724
0.131805646285
0.129641671912
0.221382923037
0.38457359934
0.404615753461
0.373064876957 1.24807532425e-11
0.355704697987 1.05196311407e-10
0.389351230425 1.54620886351e-12
0.868091514945 0.765611633658 0.794584483853 0.77385017964 0.102479881287 0.0735070310923 0.0942413353047 -2.55218289825e-11 0.0 0.0
0.860693320094 0.816350057721 0.761779940906 0.783741848379 0.0443432623729 0.0989133791878 0.0769514717154 3646466755.07 0.0 0.0
0.774812346861 0.691154822707 0.614469290555 0.612633945266 0.0836575241538 0.160343056306 0.162178401595 -1662966936.33 0.0 0.0
0.835183095865 0.79459156096 0.745205288781 0.773493610969 0.0405915349052 0.0899778070843 0.0616894848957 -4446250060.82 0.0 0.0
0.745663085136 0.782759174705 0.816267902504 0.785613350942 -0.0370960895686 -0.0706048173684 -0.0399502658057 -780110879.448 0.0 0.0
0.61426761069 0.740822732449 0.815676221191 0.82925980903 -0.126555121759 -0.201408610501 -0.21499219834 -53691681.4039 0.0 0.0
0.773312621189 0.265762209892 0.681200888181 0.675925845386 0.507550411297 0.0921117330077 0.0973867758026 102757116.904 0.0 0.0
0.641889517398 0.721720144153 0.832090441805 0.841511627782 -0.0798306267546 -0.190200924407 -0.199622110384 -67596548.9187 0.000110438413912 0.00358443705842
0.400318748898 0.634608432651 0.730205241577 0.721793249039 -0.234289683753 -0.329886492679 -0.321474500141 -67596548.9868 0.00115428354305 0.01230801208
0.755490967137 0.771069094539 0.739997045334 0.774652249725 -0.0155781274017 0.0154939218029 -0.0191612825883 -67596548.9489 0.000521543274162 0.00683019435228
0.719358144975 0.660603970289 0.676168871135 0.741684225298 0.0587541746858 0.0431892738402 -0.0223260803226 -67596548.9376 0.00145143426439 0.0133787599333
0.739991306884 0.717222750187 0.774867286886 0.774441314828 0.0227685566971 -0.0348759800022 -0.0344500079444 0.040892297402 0.0784253122182 0.157003644268
0.760948700172 0.683212712407 0.822257886605 0.799005394375 0.0777359877649 -0.0613091864327 -0.0380566942028 4.52995300293e-05 0.0194405446855 0.0106380502047
0.824596890759 0.862342134118 0.793162585302 0.770905874055 -0.0377452433591 0.031434305457 0.0536910167044 -4.00543212891e-05 0.00464717933459 0.0056794722325
0.888307744558 0.893222808838 0.856297694637 0.851774384804 -0.00491506427989 0.0320100499214 0.0365333597542 0.00126822292805 0.00895673842611 0.00580154399547
0.283861818286 0.335153251886 0.506656261132 0.479282191413 -0.0512914336004 -0.222794442846 -0.195420373127 0.00325283408165 0.0156196248838 0.00581721947199
0.72817498639 0.836870282888 0.805531636555 0.824113437495 -0.108695296498 -0.0773566501649 -0.0959384511047 -3.26037406921e-05 0.0153709211756 0.0147176598706
0.715304874353 0.673448786139 0.751337194039 0.722177258507 0.0418560882135 -0.0360323196865 -0.00687238415405 4.16040420532e-05 0.119316834404 0.011895828636
0.862409043244 0.911981031299 0.805088709016 0.82281300835 -0.0495719880546 0.0573203342284 0.039596034894 -0.00066602230072 0.0417046659029 0.0137657554483
0.641074863753 0.624525517225 0.625618348926 0.596017890971 0.0165493465277 0.0154565148267 0.0450569727823 -0.00430896878242 0.00743094581356 0.00408951520551
0.65874537231 0.763445407152 0.721669159216 0.747917975272 -0.104700034842 -0.0629237869059 -0.0891726029618 -0.015594214201 0.0101661582046 0.00455498147809
0.690452059466 0.911962464452 0.831606754745 0.827752363834 -0.221510404986 -0.141154695279 -0.137300304368 -0.0219458937645 0.0126808444211 0.00573947936895
0.853475290909 0.781210690737 0.814322370034 0.82950252293 0.0722646001722 0.0391529208751 0.0239727679792 -0.0170682668686 0.00915038115603 0.00839139592381
0.82608078339 0.635327324271 0.796530756084 0.784135997742 0.190753459119 0.0295500273055 0.0419447856484 -0.0077112019062 0.00544527775488 0.00449766821473
0.857034192678 0.790852651 0.713556019674 0.738214119726 0.066181541678 0.143478173004 0.118820072952 0.0384301999584 0.0961342324012 0.119036832127
0.349283509125 0.567664504051 0.510530069538 0.477223518991 -0.218380994926 -0.161246560413 -0.127940009866 0.00770591199398 0.00751293646604 0.0278740334758
0.296790575101 0.53867046535 0.501371820186 0.47107995396 -0.241879890249 -0.204581245085 -0.174289378859 181614.615483 0.0 0.0
0.858208068062 0.95501640439 0.826085843811 0.803497001564 -0.0968083363283 0.0321222242508 0.0547110664979 0.135060475208 0.00597241172221 0.00664470134785
0.896765943716 0.815467685461 0.799378941481 0.790495833542 0.081298258255 0.0973870022355 0.106270110174 -0.150483997073 0.00810725656059 0.0058087293012
0.729636146509 0.780686631799 0.762899085989 0.728257719554 -0.0510504852897 -0.0332629394798 0.00137842695475 0.089045016095 0.019400056486 0.0123728256593
0.836268236129 0.625039964914 0.813077919511 0.794545568003 0.211228271215 0.0231903166177 0.0417226681263 0.0234131778125 0.0152267905251 0.00767824906321
0.769034401069 0.792675241828 0.825762133012 0.801564616699 -0.023640840759 -0.056727731943 -0.0325302156302 -0.0343172985595 0.010368816031 0.00915426935051
0.669762007996 0.807279840112 0.696256713394 0.696158253218 -0.137517832116 -0.0264947053977 -0.0263962452222 -0.0187912243418 0.0145284899435 0.0111122617652
0.911381401009 0.860147953033 0.82083387155 0.837341903651 0.0512334479756 0.0905475294594 0.0740394973581 -0.171541429125 0.0133261233788 0.00952794626411
0.62001225851 0.732634857297 0.743991597507 0.724175742943 -0.112622598787 -0.123979338997 -0.104163484433 0.057519826456 0.00577742757026 0.00641000758155
0.875321336328 0.875310331583 0.822352927446 0.831399500402 1.1004744977e-05 0.0529684088823 0.0439218359256 -0.0317804678343 0.0124721809774 0.00992531385596
0.841247138149 0.807545170188 0.832695382221 0.83499061654 0.033701967961 0.00855175592761 0.00625652160939 -0.0176573004574 0.0287013279171 0.0113475204109
0.650783780321 0.897397339344 0.797110901487 0.79125968295 -0.246613559023 -0.146327121166 -0.140475902629 -0.0918107568286 0.0142328988575 0.00846544203044
0.867852553386 0.926066666842 0.792643592045 0.798342679777 -0.0582141134555 0.0752089613407 0.0695098736093 0.0845836768858 0.0104169299187 0.00540725252591
0.89203482162 0.715922042727 0.813243431405 0.803207576091 0.176112778893 0.0787913902154 0.0888272455289 0.131004622206 0.00847690038277 0.00644242430768
0.236447867272 0.661217704415 0.66056356454 0.718205893616 -0.424769837143 -0.424115697268 -0.481758026344 0.235887250863 0.0279864557376 0.0211207694442
0.903920211797 0.813951611519 0.822740286676 0.808834997416 0.0899686002781 0.081179925121 0.0950852143805 -0.357700104592 0.0611248409804 0.0218370743131
0.858134156446 0.66888153553 0.824392175855 0.822497671827 0.189252620916 0.0337419805914 0.0356364846189 0.0879422031576 0.0495492958603 0.0181095551746
0.112914564621 0.594117432833 0.675852226576 0.646371443458 -0.481202868212 -0.562937661955 -0.533456878837 0.0563092688099 0.00405904499278 0.0139656072679
0.69338830641 0.637972161174 0.717896691098 0.69533133494 0.0554161452362 -0.0245083846878 -0.00194302852954 -0.0392756725196 0.00939788469564 0.0131113042429
0.860836674233 0.888693571091 0.656410817791 0.741561842449 -0.0278568968577 0.204425856442 0.119274831784 0.116698569618 0.00709197700055 0.0133173555833
0.749117910243 0.803145393729 0.797823803659 0.797674645218 -0.0540274834862 -0.0487058934159 -0.0485567349747 -0.111742763082 0.00587799443784 0.0105413450428
0.834678253855 0.719054684043 0.781561913239 0.745439193656 0.115623569812 0.053116340616 0.0892390601989 -0.0797547469847 0.00763054849078 0.00750798553301
0.915262743736 0.935045346618 0.806779934989 0.835273942261 -0.0197826028817 0.108482808747 0.0799888014752 -0.109134979546 0.00303081557144 0.00592090215968
0.773056982976 0.853365331888 0.829266341408 0.833805648524 -0.0803083489122 -0.056209358432 -0.0607486655479 -0.023362893844 0.00126806938663 0.00743153382245
0.85834926324 0.805352017283 0.826166986622 0.800038424233 0.0529972459566 0.032182276618 0.0583108390072 0.205719880527 0.0012843369269 0.00600553040568
0.895933909339 0.765023306012 0.836632879372 0.82980613552 0.130910603327 0.0593010299668 0.0661277738191 0.347407795838 0.00279758123236 0.00814422244107
0.665135868177 0.520325005054 0.52326230962 0.507623368638 0.144810863123 0.141873558557 0.157512499539 -0.313482366502 0.00297116311298 0.0127966952442
0.588163593259 0.664287403226 0.744091089355 0.737972290507 -0.0761238099669 -0.155927496096 -0.149808697248 -0.0809528783429 0.0137991407534 0.0140940085828
0.785981019122 0.736174210906 0.676354144511 0.683743700279 0.049806808216 0.109626874611 0.102237318843 0.0635799120646 0.00356746961702 0.016696505538
0.871067758332 0.811525374651 0.80602311661 0.80453459421 0.059542383681 0.0650446417215 0.0665331641224 -0.0577337383293 0.00486826906355 0.0146553675869
0.81541747215 0.755129694939 0.725899723865 0.787104594724 0.0602877772113 0.0895177482854 0.028312877426 -0.0998774967156 0.00491757335192 0.0156312781141
0.866839624196 0.907767340541 0.83273027285 0.833579655799 -0.0409277163449 0.0341093513463 0.033259968397 -0.00149932480417 0.012926322806 0.0234166872086
0.795879487966 0.922914400697 0.814674883435 0.804553522452 -0.127034912731 -0.0187953954687 -0.0086740344857 0.211893034168 0.00413845309174 0.0154009239161
0.637088514722 0.623359665275 0.65043421821 0.669768571387 0.0137288494474 -0.0133457034877 -0.0326800566649 0.00274716736749 0.0291187753308 0.0174506029342
0.869419902589 1.04407548904 0.843369460106 0.836573219253 -0.174655586455 0.026050442483 0.0328466833362 -0.0690838193987 0.0061778542514 0.0137396451814
0.866488403225 0.784611970186 0.793368005288 0.782907142407 0.0818764330388 0.073120397937 0.083581260818 -0.0304853236303 0.00355318581467 0.0135527716479
0.201521645996 0.346022799611 0.510031102384 0.482946608038 -0.144501153615 -0.308509456388 -0.281424962042 -0.5135681713 0.00282785578429 0.00940789559366
0.870523409437 0.986574083567 0.789754590711 0.825102438669 -0.11605067413 0.0807688187259 0.0454209707681 0.461328118108 0.00163411570592 0.00522781759889
0.817513651735 0.738271340728 0.77456146475 0.740281973978 0.0792423110072 0.0429521869855 0.0772316777566 0.116041739238 0.00136174144314 0.00826988811224
0.691047718586 0.852396726608 0.849054427602 0.829914994274 -0.161349008022 -0.158006709016 -0.138867275688 -0.0649618959287 0.00318487043623 0.010761523924
0.73396607757 0.686684414744 0.822038344962 0.83019502698 0.0472816628256 -0.0880722673918 -0.0962289494103 0.096705225762 0.0128947063686 0.0112831603699
0.359160011376 0.376158386469 0.437118875993 0.513660401624 -0.0169983750929 -0.0779588646171 -0.154500390248 -0.0250315703452 0.00655594692278 0.00883601236268
0.898082027367 0.836890086532 0.824784038487 0.835759832741 0.0611919408354 0.0732979888796 0.0623221946258 0.066342998296 0.00737564233527 0.00634271246425
0.802298426107 0.763533338904 0.763302093925 0.747707786124 0.0387650872026 0.0389963321818 0.0545906399831 -0.0660426337272 0.00492702938114 0.013518320344
0.74680163994 0.824940145016 0.818062215592 0.799327602768 -0.0781385050757 -0.0712605756522 -0.0525259628282 -0.057735292241 0.00408614494698 0.015435993446
0.769194380556 0.46872164309 0.783756965269 0.827254385158 0.300472737466 -0.0145625847134 -0.0580600046018 0.1925848471 0.0286264839856 0.00998250768339
0.930052704522 0.823358729482 0.745430648295 0.76397494457 0.10669397504 0.184622056227 0.166077759952 -0.111637827475 0.0102460993698 0.0114028285088
0.842716976223 0.794373065233 0.806780702218 0.796644563876 0.0483439109898 0.0359362740046 0.0460724123472 -0.0508044860326 0.00352334278909 0.00956588299505
0.58840659223 0.554933950305 0.665476954584 0.651446123124 0.033472641925 -0.0770703623538 -0.0630395308944 0.012059292756 0.00439588037704 0.00840931256548
0.822911990802 0.453104108572 0.489855475342 0.485699962713 0.36980788223 0.33305651546 0.337212028089 -0.16751029389 0.00755189309676 0.0121322945859
0.900893014141 0.719719678164 0.80917684474 0.812797256788 0.181173335977 0.0917161694014 0.0880957573527 0.0758366771042 0.0114232875364 0.00907475125148
