LINEAR REGRESSION (60% Training and 40% Testing)

10.0.txt
-RMSE: 0.16849867844357
-Explained Variance: 0.078161577887978173
-Feature Importances: [0.02940370177613307, 0.011412713780628364, 0.0004064615864179038, -0.009281435980531204, -0.0015226526131690388, -0.01628580864272088, -0.014132979906696054, 0.0015878517464913934, 0.004316094176157793, -0.023825733850626224, 0.011459995426202385, 0.008049644248268668, 0.039376120910109835, 3.481128042925408e-05, -2.629739331431319e-05, -3.84794255163033e-05, 0.0021864356277600354, -0.00012079721812574724, 0.00011549003463271227, -0.00032741878642948, -0.002713626546956966, -0.0030423861772495646, -0.0037276179482684437, -0.005600666905342253, -0.006807887384569276, 0.030657664353891386, 0.002842362506930259, 4.0939474033052647e-16, 0.06125626545477801, -0.09153497197749698, 0.034627451601192925, -0.10668209998188352, 0.18612087623219664, -0.07231858958897905, -0.023432952603144923, 0.09933753729293845, -0.11453517212849977, 0.014116375186938451, -0.03879907639990918, 0.031170990210458032, 0.09471410938404544, 0.01552083686582623, -0.10751808331451208, 0.0764302914323492, -0.025521212560127265, -0.05973051333612946, -0.03657179971342678, 0.0761987301544637, -0.038810037184512626, -0.0022665172192900002, -0.0038673271648259604, 0.10509451834161417, -0.09658733243139768, -0.02832435788546647, 0.0075281925670854805, -0.004687544519829256, 0.09065053077539457, -0.12187935708063789, 0.04723566887513075, 0.006070734424223628, -0.012462883714414438, 0.0034039221143654006, 0.08237553090372544, -0.08415619746687608, 0.003175705085607082, -0.009817167144662011, -0.006236704407805143, -0.0004604036183523735, 0.012698316425689861, 0.05615700323307313, -0.04784011914887122, -0.00016029405361317603, 0.2597054704855338, -0.27475322685255366, 0.008203394967360993, -0.006062151110254335, 0.003254077899023065, 0.014950956963656862]

15.0.txt
-RMSE: 0.1300281352264351
-Explained Variance: 0.45104534012297781
-Feature Importances: [0.03366750306513297, -0.004802857474039968, -0.0035670641377212693, -0.0030567016411602492, 0.00015531556856714025, -0.008312636140112378, -0.014083559240709385, 0.0012887802751570857, 0.012381815504309775, -0.03319835342747057, 0.012734655128419033, 0.008081882794778976, 0.03560468300307467, 2.316507928754822e-05, -1.7622459146151995e-05, -1.751087450143577e-05, 0.0024411645327908557, -0.00010268634542266297, 9.972448760775694e-05, -0.00029021452359466373, -0.005160045721968971, -0.006287382036555109, -0.0039464853894849465, -0.0029625938242821004, -0.0058216877887141555, 0.03325036940164591, 0.00012278172110244666, 0.0, 0.054813284389095385, -0.05416717571910918, 0.024217174695964336, -0.11573064624694254, 0.1642513475966631, -0.07762551769071266, 0.022011900661328868, 0.06079845806891454, -0.022873188202097328, -0.058223344683719015, -0.06691396432766651, 0.03665631679069248, 0.11018585718736117, 0.033744729975811696, -0.023408691106691523, -0.07977075750666876, 0.0400461881851965, -0.06747124571237643, -0.024527023214008948, 0.01424828205934877, 0.03833611140069295, 0.059701666733373675, -0.038413479320671635, 0.07425709065127799, -0.11142920266994226, -0.018978797947211603, 0.07860310594922429, -0.03600736254597549, 0.01941825247934222, -0.025972700127913393, 0.03444197808601508, 0.028468203144048992, -0.08820495357302323, 0.05971353279172538, -0.018603032468700816, -0.07613802980793806, 0.19372882494671653, -0.05496816678870188, -0.0754705424440702, -0.06568606778667752, 0.11768801474025681, -0.013733932377982327, -0.1155981508619206, 0.11440628674263494, 0.2538740722613115, -0.3611153100972364, 0.23180204944355023, -0.1580393791213743, 0.11441255763740248, -0.1559500133099565]

20.0.txt
-RMSE: 0.1300281352264351
-Explained Variance: 0.45104534012297781
-Feature Importances: [0.03366750306513297, -0.004802857474039968, -0.0035670641377212693, -0.0030567016411602492, 0.00015531556856714025, -0.008312636140112378, -0.014083559240709385, 0.0012887802751570857, 0.012381815504309775, -0.03319835342747057, 0.012734655128419033, 0.008081882794778976, 0.03560468300307467, 2.316507928754822e-05, -1.7622459146151995e-05, -1.751087450143577e-05, 0.0024411645327908557, -0.00010268634542266297, 9.972448760775694e-05, -0.00029021452359466373, -0.005160045721968971, -0.006287382036555109, -0.0039464853894849465, -0.0029625938242821004, -0.0058216877887141555, 0.03325036940164591, 0.00012278172110244666, 0.0, 0.054813284389095385, -0.05416717571910918, 0.024217174695964336, -0.11573064624694254, 0.1642513475966631, -0.07762551769071266, 0.022011900661328868, 0.06079845806891454, -0.022873188202097328, -0.058223344683719015, -0.06691396432766651, 0.03665631679069248, 0.11018585718736117, 0.033744729975811696, -0.023408691106691523, -0.07977075750666876, 0.0400461881851965, -0.06747124571237643, -0.024527023214008948, 0.01424828205934877, 0.03833611140069295, 0.059701666733373675, -0.038413479320671635, 0.07425709065127799, -0.11142920266994226, -0.018978797947211603, 0.07860310594922429, -0.03600736254597549, 0.01941825247934222, -0.025972700127913393, 0.03444197808601508, 0.028468203144048992, -0.08820495357302323, 0.05971353279172538, -0.018603032468700816, -0.07613802980793806, 0.19372882494671653, -0.05496816678870188, -0.0754705424440702, -0.06568606778667752, 0.11768801474025681, -0.013733932377982327, -0.1155981508619206, 0.11440628674263494, 0.2538740722613115, -0.3611153100972364, 0.23180204944355023, -0.1580393791213743, 0.11441255763740248, -0.1559500133099565]

25.0.txt
-RMSE: 0.1300281352264351
-Explained Variance: 0.45104534012297781
-Feature Importances: [0.03366750306513297, -0.004802857474039968, -0.0035670641377212693, -0.0030567016411602492, 0.00015531556856714025, -0.008312636140112378, -0.014083559240709385, 0.0012887802751570857, 0.012381815504309775, -0.03319835342747057, 0.012734655128419033, 0.008081882794778976, 0.03560468300307467, 2.316507928754822e-05, -1.7622459146151995e-05, -1.751087450143577e-05, 0.0024411645327908557, -0.00010268634542266297, 9.972448760775694e-05, -0.00029021452359466373, -0.005160045721968971, -0.006287382036555109, -0.0039464853894849465, -0.0029625938242821004, -0.0058216877887141555, 0.03325036940164591, 0.00012278172110244666, 0.0, 0.054813284389095385, -0.05416717571910918, 0.024217174695964336, -0.11573064624694254, 0.1642513475966631, -0.07762551769071266, 0.022011900661328868, 0.06079845806891454, -0.022873188202097328, -0.058223344683719015, -0.06691396432766651, 0.03665631679069248, 0.11018585718736117, 0.033744729975811696, -0.023408691106691523, -0.07977075750666876, 0.0400461881851965, -0.06747124571237643, -0.024527023214008948, 0.01424828205934877, 0.03833611140069295, 0.059701666733373675, -0.038413479320671635, 0.07425709065127799, -0.11142920266994226, -0.018978797947211603, 0.07860310594922429, -0.03600736254597549, 0.01941825247934222, -0.025972700127913393, 0.03444197808601508, 0.028468203144048992, -0.08820495357302323, 0.05971353279172538, -0.018603032468700816, -0.07613802980793806, 0.19372882494671653, -0.05496816678870188, -0.0754705424440702, -0.06568606778667752, 0.11768801474025681, -0.013733932377982327, -0.1155981508619206, 0.11440628674263494, 0.2538740722613115, -0.3611153100972364, 0.23180204944355023, -0.1580393791213743, 0.11441255763740248, -0.1559500133099565]

_______________________________________________________

RANDOM FOREST (60% Training and 40% Testing)

10.0.txt
-RMSE: 0.09607600588314333
-Explained Variance: 0.7002965877019256
-Feature Importances:  [0.0009967580231914992, 1.7269808788463218e-05, 0.0005229425664172332, 0.00029072758675941564, 0.00021930680219357522, 2.1423053696041155e-05, 2.1858418807446686e-05, 0.04447998871864277, 0.0016716524878207485, 0.0013997321724407547, 0.0008208297666971963, 0.0029839706894997315, 0.08143760531987262, 0.04955970720083378, 0.02527773407933433, 0.014532932056118227, 0.02488410430276905, 0.012904864784940214, 0.12137429097249451, 0.06701379408563087, 0.009066085320277523, 0.00806980548350908, 0.011620437079815592, 0.016557402332055493, 0.015850892594286372, 0.38346771932245877, 0.002669474561267851, 0.0, 0.0031791548683951258, 0.0025459427516161476, 0.0025076828662271722, 0.0025948976759487164, 0.002949341207435934, 0.0025439097601544047, 0.0018780521986722092, 0.0015462937538208458, 0.0024488915709275933, 0.0016994351314835374, 0.0028714413233364468, 0.0015768402359784546, 0.001807594465751675, 0.0012241729414602406, 0.002370021214027169, 0.0025151391307820575, 0.0027520297102381548, 0.004848185160221448, 0.0029627592843014653, 0.0018157906133059061, 0.0012420998204363573, 0.0021751883287694095, 0.0013552450407576446, 0.0010977425492798031, 0.0015681621526028588, 0.0014685313876567625, 0.001793496560153761, 0.002056624866633947, 0.001397768130833192, 0.0020220028788655456, 0.0015750629343332105, 0.0025440672077905804, 0.001234848372861238, 0.002402227478626435, 0.001113783330103624, 0.0009675121769722575, 0.001285602820791044, 0.002095291358003803, 0.0010413728215700586, 0.0008912812665807467, 0.0014302485399673305, 0.001886618527605652, 0.001624238499786256, 0.0009021265111038553, 0.0008115449857852285, 0.0007225522005306822, 0.0009631950897641001, 0.0021833766591445123, 0.004271544890281388, 0.007505757157705089]

15.0.txt
-RMSE: 0.09369381169170163
-Explained Variance: 0.71497456153004446
-Feature Importances: [0.0010463521205576547, 2.748075292608545e-05, 0.0006754643746687779, 0.00023498442331236618, 0.00020874108157324913, 2.2712097174517126e-05, 3.22255132621157e-05, 0.04495740913822477, 0.0018655322589502471, 0.0016284271059510075, 0.0008960961379876033, 0.0028697831828873115, 0.07126230997146152, 0.04897707427512362, 0.02296621555540204, 0.015024146446090647, 0.02422061118525163, 0.013675778381363054, 0.11679373898818873, 0.052989477065761015, 0.008815873563626512, 0.00843186750516216, 0.011822233973407606, 0.020249591085677383, 0.015246302395907768, 0.3710675324195669, 0.0027826623988955, 0.0, 0.003085479797150907, 0.0029143496028606114, 0.0022375492102588088, 0.002570484818412527, 0.0035616891080742525, 0.0025583582848032298, 0.0022339200106729967, 0.0017213750297004745, 0.002025505304333703, 0.002395383873540315, 0.00273562193732938, 0.0019063941793937547, 0.002158959892494022, 0.001468614821708482, 0.0036675214445000153, 0.0021830274413514703, 0.0050897296863252825, 0.009971492378258912, 0.0038320291899632446, 0.004147614090241146, 0.0025428802274522163, 0.00325900052966243, 0.002019599178630956, 0.001140672337308, 0.0034590597437727856, 0.002079973271463213, 0.004499377618801325, 0.005034882990554953, 0.0015471782871411793, 0.0016568176891284916, 0.0027619231512141856, 0.001999883994475084, 0.002526839018594351, 0.0032716731201194293, 0.0019038447584465567, 0.0011168665988051235, 0.003843630706412502, 0.004426943622467545, 0.004136335087098557, 0.0013010774691432372, 0.0024147290107800964, 0.004732310912025217, 0.0017527292742341197, 0.0006731482017603812, 0.0009283520040275677, 0.0009470829252246587, 0.0016651472906861644, 0.0024694619710418564, 0.0030095024899334734, 0.005623353019858863]

20.0.txt
-RMSE: 0.093776273153603
-Explained Variance: 0.71447262961225444
-Feature Importances: 0.001060453503695479, 1.3327515783802771e-05, 0.0005316610947528326, 0.00032897345004175536, 0.00020819278519991597, 3.307547430552851e-05, 3.0002113694923046e-05, 0.04523581562379806, 0.002052445520266937, 0.0013876031582421013, 0.0008248375459327908, 0.0030191851005545154, 0.07736867562110855, 0.050095090219404205, 0.02209494778820735, 0.015347490757220889, 0.024853404755878224, 0.013323202571817067, 0.11854058632590377, 0.054645060872655374, 0.00845800789291069, 0.008467115188028842, 0.012136490772720821, 0.019662341280139353, 0.015106336150394842, 0.3684233453123675, 0.0028963805179718083, 0.0, 0.0030503787389282565, 0.003008383462178167, 0.0022116453374203177, 0.0028297086206606746, 0.003667541351742193, 0.002374523292014474, 0.0020259929200300867, 0.002010126660321911, 0.002080019662794692, 0.0020542026655560063, 0.0021349131753286036, 0.0017983172707948696, 0.002353747922182212, 0.001570165671395651, 0.0033775416002827935, 0.0024287977284526566, 0.007230963221043473, 0.011364629388421237, 0.0034164601171652897, 0.003316864276785847, 0.0019101968293561914, 0.0026309731481324672, 0.0016113193666555334, 0.0014774353522548323, 0.0025650778887144456, 0.00196513162842389, 0.002659001116306105, 0.004619014540547386, 0.001564533910522419, 0.0020133368109930155, 0.003341903220076937, 0.0026528046304610214, 0.0020571965343033453, 0.002586802664795401, 0.002356638250879984, 0.0014376155714710549, 0.0021078429293203286, 0.004196259835291164, 0.002176428676987182, 0.0018575848763072828, 0.0023944003661902366, 0.003875927996906602, 0.0011610213824501156, 0.0008005146638884671, 0.0007596090535706995, 0.0012462900804301074, 0.0012566646644051366, 0.002652921713915406, 0.003297240671860381, 0.004319339628085237]

25.0.txt
-RMSE: 0.09384196185535874
-Explained Variance: 0.7140724752715123
-Feature Importances: [0.000950818635098915, 2.125758546169417e-05, 0.00047321081354636635, 0.0003943650743012154, 0.00022853431589745646, 3.435187908555085e-05, 1.9160529506831576e-05, 0.04396828405232709, 0.001962209112703325, 0.0016623429637170604, 0.000787878316538606, 0.003237227586980006, 0.07621846109965355, 0.048229691388919735, 0.022139749249116065, 0.015352033317843121, 0.024255851183564853, 0.014195883345376626, 0.1197215980425117, 0.05292778348720439, 0.009134925232046728, 0.008415371453163204, 0.012409886582074009, 0.01878736022837522, 0.0158983706484753, 0.36722424283512906, 0.002673293180211673, 0.0, 0.003141423145756593, 0.003303821773893957, 0.0023847845895744804, 0.0031351236815119147, 0.0034710483666004874, 0.0023363214377706693, 0.0022808643653858818, 0.0021338628666676927, 0.0020362905173504963, 0.0021525056635462517, 0.0023175947723077283, 0.0012956601628064581, 0.0026446310331027013, 0.0018873022950979786, 0.0024700082530856532, 0.002685904916477464, 0.005088176231114786, 0.008323870870704157, 0.00397498884241951, 0.003454865990329111, 0.003215833500443965, 0.002887210829305925, 0.001876201894295298, 0.0012999135019934448, 0.003922375206924668, 0.002084593646361561, 0.003835527482885569, 0.0037784682363034812, 0.0022423918876175197, 0.0016008444262778892, 0.0033074105398241283, 0.0023774820443736907, 0.0017240873865018538, 0.0022904479434811297, 0.0015052710364774533, 0.0010981627960419842, 0.004350303073091431, 0.003942522572009177, 0.002951577796229557, 0.0014857370411031751, 0.0031488430339498327, 0.003999957745586275, 0.0021288283746814934, 0.0007484799875306045, 0.0009893948913784253, 0.001271514286642748, 0.002971686988862975, 0.0021732229186508696, 0.003409030480109754, 0.005539486536730234]
___________________________________________________________

EXTRA RANDOMIZED TREES (60% Training and 40% Testing)

10.0.txt
-RMSE: 0.10821497158833322
-Explained Variance: 0.61977864340637812
-Feature Importances: [0.004743882138182876, 0.000140403778918103, 0.0038709329912507816, 0.004359470909494346, 0.0038625431983330583, 0.0003762331401453935, 0.0008151097983236776, 0.044946459003830604, 0.005238966878482684, 0.007416057466471625, 0.008961830242496823, 0.01903046513128924, 0.22477916443762075, 0.009518548298351321, 0.01505166974390716, 0.00749267090338711, 0.009074817706035817, 0.007620506978785256, 0.01410825538283881, 0.009260709702084504, 0.007717967771637209, 0.006500775734001363, 0.006313264051665094, 0.012192396755197376, 0.009230428384060844, 0.21832463840533425, 0.0338322053037388, 0.0, 0.0033157792507649123, 0.003668080915550605, 0.0028568809999634805, 0.00320184947676812, 0.003950969759539856, 0.0033662234400246914, 0.0031068201309454166, 0.0029284683522469504, 0.002807543955377712, 0.003114190858525438, 0.0028403268427365075, 0.0030252655935978042, 0.003551662450518452, 0.0036343855077313504, 0.004532757589526579, 0.003947041773742865, 0.006776200866724302, 0.00740746840858031, 0.006054514936087073, 0.006361066421520309, 0.006097030150715584, 0.004189625696097792, 0.004762966846661421, 0.005293422941833548, 0.007792095169313861, 0.006247835854985567, 0.00844542935591338, 0.005185423432189128, 0.005573798203900988, 0.0043287645257789175, 0.004546606725008847, 0.0037821253993694562, 0.003805750476867886, 0.0030645178753924175, 0.0033470008421896355, 0.003588375277771546, 0.0032543820593952132, 0.002672358377016961, 0.0032339099053078344, 0.004098522062545599, 0.00896990062550714, 0.005562935859041171, 0.005339974920069748, 0.0019341727910736424, 0.0022351339488548873, 0.0028456281241737037, 0.004724896879079677, 0.008413988800810518, 0.03028835523193455, 0.06114719987486162]
