0.475668552898
0.133234362396
0.127888421441
-6.17461470715
0.43711173047
0.481376542793
0.181609195402 0.158704686128
0.314942528736 0.0145165238059
0.471264367816 0.000254775423827
0.837028010192 0.855088692533 0.795983085505 0.809340279017 -0.0180606823412 0.0410449246872 0.0276877311749 5.55075733641e-14 0.0 0.0
0.459574067645 -0.211783519417 0.383890589679 0.416361531305 0.671357587062 0.075683477966 0.0432125363401 -1.49300277003e-13 0.0 0.0
0.867486823293 1.22031100535 0.817503581067 0.807419799977 -0.352824182056 0.0499832422263 0.0600670233163 -2.27009166673e-14 0.0 0.0
0.822183373458 1.10507568294 0.818988587785 0.817116583369 -0.282892309483 0.00319478567283 0.00506679008924 -1.09972035818e-12 0.0 0.0
0.644880388056 0.746419241078 0.771676783471 0.783525642552 -0.101538853022 -0.126796395415 -0.138645254496 3.2132499786e-13 0.0 0.0
0.314578087845 0.437841877734 0.522168974527 0.549997813693 -0.123263789889 -0.207590886682 -0.235419725848 1.79251578858e-13 0.0 0.0
0.868161774727 1.08392031178 0.823575194278 0.82547344696 -0.215758537056 0.0445865804486 0.0426883277666 -1.43096472172e-13 0.0 0.0
0.551313568752 0.599538827132 0.382334265733 0.392984003597 -0.0482252583804 0.168979303019 0.158329565155 1.24390081568e-13 0.0 0.0
0.470814850125 0.946494234363 0.459470263009 0.501808611766 -0.475679384238 0.0113445871161 -0.0309937616408 -7.30006333161e-14 0.0 0.0
0.376435150868 1.10403755233 0.398728231089 0.404430099928 -0.727602401465 -0.0222930802206 -0.0279949490604 3.63736818443e-14 0.0 0.0
0.81753926839 1.20555541288 0.823571962586 0.819629856184 -0.388016144492 -0.00603269419624 -0.00209058779395 -1.57561463876e-13 0.0 0.0
0.812906185043 1.03900906924 0.795930460534 0.794407857834 -0.226102884192 0.0169757245089 0.018498327209 0.0586621865119 0.00299172662766 0.0172151896886
0.641263283095 -0.295022573452 0.380033126021 0.410330385485 0.936285856547 0.261230157074 0.23093289761 -0.00140039786765 0.0163940106289 0.00301312738764
0.808926412596 0.737150164501 0.826386445899 0.81987411363 0.0717762480954 -0.0174600333027 -0.0109477010342 -0.000196108295945 0.00109682780953 0.00474336693202
0.761161311903 0.959710349262 0.824627212292 0.815608572696 -0.198549037359 -0.0634659003894 -0.0544472607928 -0.00807897638196 0.00141259293897 0.00125039939929
0.863139925529 0.995698477307 0.776848103887 0.789933688869 -0.132558551778 0.0862918216422 0.0732062366597 -0.00259168694019 0.0113920093187 0.00261092753464
0.6082319827 1.03507510496 0.827936332805 0.818674440533 -0.426843122263 -0.219704350105 -0.210442457833 -0.000427334518201 0.025877011231 0.00767023032955
0.767050062899 0.614097852725 0.69745422095 0.646512764657 0.152952210174 0.0695958419489 0.120537298242 -0.000337235156274 0.00291978770785 0.00125129998698
0.84132918164 0.890179735305 0.76108012343 0.776309285219 -0.0488505536647 0.0802490582105 0.0650198964207 0.000183074310487 0.0197140725865 0.00156383764782
0.780694820364 0.898417105582 0.749200205542 0.717859144406 -0.117722285218 0.0314946148219 0.0628356759585 0.0130148226839 0.00183017141752 0.000704602723851
0.751261165354 -0.696833127761 0.437438526858 0.45012240743 1.44809429312 0.313822638496 0.301138757924 0.0925379430246 0.00120834437466 0.000739537765273
0.839436763634 1.0096172921 0.829424873862 0.823571684335 -0.170180528464 0.0100118897724 0.0158650792994 0.0265062906341 0.00180483980926 0.00140954299004
0.654653842653 0.907413814961 0.82790387786 0.81431163479 -0.252759972308 -0.173250035207 -0.159657792137 -0.0826947780867 0.00314789760243 0.00186059645899
0.763768349502 0.605589699179 0.506790048593 0.538289969683 0.158178650323 0.256978300909 0.225478379819 -0.0916569696117 0.000808573718053 0.000440245909926
0.259651621786 -0.658887906807 0.377362740518 0.39742540967 0.918539528593 -0.117711118732 -0.137773787884 0.0890003362339 0.00443834364052 0.0461074545778
0.883341843399 0.637573009046 0.813848414826 0.822153643316 0.245768834353 0.0694934285732 0.0611882000833 -0.104988111831 0.000493224118423 0.00885479679045
0.875958665224 0.596595095382 0.788612362334 0.807492505561 0.279363569842 0.0873463028902 0.0684661596634 8.06646416329e-14 0.0 0.0
0.672403100838 1.05731474784 0.827123381833 0.810909082359 -0.384911646999 -0.154720280995 -0.138505981521 0.242286281512 0.00244155797115 0.00235219282702
0.434650322458 1.08147555794 0.606301880096 0.592808626174 -0.646825235483 -0.171651557638 -0.158158303716 -0.41673260907 0.0141653404487 0.00737757036421
0.69393557506 1.11389010663 0.824457339557 0.808505087064 -0.419954531574 -0.130521764497 -0.114569512004 0.124654660357 0.0020519291714 0.00348173283457
