0.196340069043
0.128153288661
0.133638990954
-0.118503646111
0.523482300569
0.481813730689
0.21164021164 0.113987483197
0.206349206349 0.123314722283
0.269841269841 0.0438873702977
0.866888742353 0.812916305378 0.80531513888 0.792670032661 0.0539724369751 0.0615736034725 0.0742187096925 2.90241409465e-13 0.0 0.0
0.663374523735 0.782638036654 0.833243934006 0.823689771437 -0.119263512919 -0.169869410271 -0.160315247702 7.79988053312e-14 0.0 0.0
0.837140587325 0.880418057233 0.842203874839 0.833791258682 -0.0432774699083 -0.00506328751418 0.00334932864269 -5.48859460485e-14 0.0 0.0
0.862817029036 0.910872977824 0.714255673386 0.761801497077 -0.048055948788 0.14856135565 0.101015531959 -7.987967926e-15 0.0 0.0
0.847453251849 0.73853116167 0.8283361999 0.825802966809 0.108922090179 0.0191170519492 0.0216502850402 4.36660256564e-14 0.0 0.0
0.129653316392 0.919666050632 0.432424800654 0.465570898115 -0.79001273424 -0.302771484262 -0.335917581723 2.33212971504e-14 0.0 0.0
0.892660363204 0.938392989985 0.750349590512 0.792656755988 -0.0457326267815 0.142310772692 0.100003607216 -1.28501376206e-13 0.0 0.0
0.816278778372 0.685449705818 0.757219022153 0.763482875357 0.130829072554 0.0590597562189 0.052795903015 4.28168785149e-14 0.0 0.0
0.791891808887 0.672418827085 0.848265058141 0.840446564465 0.119472981802 -0.0563732492537 -0.0485547555784 -4.65079363909e-15 0.0 0.0
0.752627770276 0.93453576588 0.745211895866 0.777971775047 -0.181907995604 0.00741587440962 -0.0253440047709 2.22252771742e-14 0.0 0.0
0.641307096019 0.687301990674 0.791895686823 0.797826664704 -0.0459948946553 -0.150588590804 -0.156519568685 1.61372651353e-14 0.0 0.0
0.810541740958 0.977037863237 0.826732701517 0.812065859541 -0.166496122279 -0.0161909605592 -0.00152411858296 0.0492614313307 0.522598213052 0.244066348021
0.705506941935 0.780561794211 0.82925595138 0.815649054567 -0.0750548522765 -0.123749009445 -0.110142112632 -0.0017769107775 0.0229391296099 0.00298068884495
0.7914537527 0.857130008927 0.828882584768 0.819091169037 -0.0656762562265 -0.0374288320684 -0.0276374163372 -0.000107318424555 0.00605155799482 0.0112883306245
0.853709358051 0.833746990941 0.83003034779 0.830707802814 0.0199623671095 0.0236790102606 0.0230015552368 -0.00188312136513 0.00951920697443 0.00257768758685
0.856210273866 0.738980882493 0.832540248835 0.826268870122 0.117229391373 0.0236700250307 0.029941403744 -0.00119575278211 0.000463157799266 0.00072647350952
0.831939731734 0.689679773532 0.766138380529 0.813429560506 0.142259958202 0.065801351205 0.0185101712279 -0.000601771200327 0.0645535745075 0.0122444622484
0.868420875956 0.617247794384 0.817294715317 0.81740926392 0.251173081572 0.0511261606387 0.0510116120355 -0.000470614394654 0.00363418622985 0.0028072378256
0.852128547068 0.69168455917 0.780029640147 0.781108199387 0.160443987898 0.072098906921 0.0710203476809 -0.00144084966404 0.0281799075337 0.00898843937819
0.379694775262 0.485890436051 0.437763464242 0.468073633109 -0.106195660789 -0.0580686889803 -0.0883788578471 0.0508830194469 0.00191765662603 0.00231987603904
0.404472106329 0.403282796479 0.429432483432 0.468014772765 0.00118930984969 -0.0249603771033 -0.0635426664363 -0.0099960844522 0.00497095708685 0.000443643735141
0.854455359033 0.878965356303 0.693312419549 0.660338133723 -0.0245099972696 0.161142939484 0.19411722531 -0.0483406496103 0.000403167356407 0.00093717693171
0.735497377513 0.989558367042 0.734983876683 0.663315327718 -0.254060989529 0.0005135008301 0.0721820497949 -0.00552386125822 0.0037978178904 0.0046006803644
0.819157747226 0.650387706704 0.826240781183 0.815032599638 0.168770040522 -0.00708303395734 0.00412514758828 0.0525038822046 0.000715077901164 0.00106718850066
0.853713527138 0.811940149355 0.709568976658 0.656711584867 0.041773377783 0.14414455048 0.197001942271 0.0337491349053 0.0111529198076 0.010323995859
0.606358477041 0.702759846527 0.436387309166 0.471037580202 -0.0964013694861 0.169971167875 0.135320896839 0.0743722808523 0.000442098390028 0.00183707388686
0.38754911116 0.656407820814 0.778477113581 0.794865934365 -0.268858709654 -0.390928002421 -0.407316823205 9.29811783124e-16 0.0 0.0
0.652378973087 0.717822886907 0.6784031674 0.582060500195 -0.0654439138205 -0.026024194313 0.0703184728918 0.250963070281 0.00438087513714 0.00107267008314
