0.314652126441
0.14616137874
0.132479924587
-3.62651558847
0.00170717493934
0.179850863312
0.0174009626064 0.826387858574
0.320992225102 5.20868580455e-05
0.360236949278 5.60586813616e-06
0.645798927894 0.795004248619 0.683389605256 0.68448036364 -0.149205320725 -0.0375906773617 -0.038681435746 -8090643898.49 0.0 0.0
0.57520474948 0.295469522476 0.482619069311 0.451651625608 0.279735227004 0.0925856801689 0.123553123872 -16872701341.8 0.0 0.0
0.847740256471 0.80367231369 0.795159087149 0.776527912789 0.0440679427808 0.0525811693217 0.0712123436824 850968672.996 0.0 0.0
0.815544812019 0.570539355278 0.757205194534 0.759955997296 0.245005456741 0.0583396174852 0.0555888147228 -838272653.997 0.0 0.0
0.8421036765 1.14080798626 0.729684831721 0.711302336148 -0.298704309759 0.112418844779 0.130801340352 -2309125528.55 0.0 0.0
0.265932276814 1.07120370865 0.407169567992 0.428690394651 -0.805271431835 -0.141237291178 -0.162758117837 2218511991.39 0.0 0.0
0.881420059976 0.792552709579 0.702023724016 0.735848491395 0.0888673503965 0.17939633596 0.145571568581 976284945.429 0.0 0.0
0.853354554565 0.559313893318 0.684732145602 0.674771781793 0.294040661247 0.168622408963 0.178582772772 81110833.7668 0.0 0.0
0.867468809699 0.821795940399 0.676218367807 0.703245221406 0.0456728692998 0.191250441892 0.164223588293 -17407229.9225 0.000663773087963 0.0049790833774
0.820716463011 1.18935763836 0.783789863041 0.779022188071 -0.368641175348 0.0369265999699 0.0416942749402 14166038.973 0.0 0.0
0.846215981961 0.642030239105 0.782329260148 0.777128781052 0.204185742856 0.0638867218131 0.0690872009088 -17407229.9038 0.000364822394144 0.00619644823096
0.646800795796 0.797699809074 0.566418110516 0.580203729263 -0.150899013278 0.0803826852795 0.0665970665327 0.0249109364377 0.0242957970241 0.0859181628121
0.791630762989 0.942983627319 0.70084370265 0.669503734544 -0.15135286433 0.090787060339 0.122127028445 -0.000112056732178 0.0341678229581 0.0103631328449
0.553599915217 1.21081423759 0.764655170213 0.760509219215 -0.657214322378 -0.211055254996 -0.206909303998 4.41074371338e-05 0.0136003225724 0.012167587226
0.840141471449 1.01666414738 0.787661584267 0.782738039252 -0.176522675928 0.0524798871824 0.0574034321971 -0.00213865190744 0.010246444628 0.00275147316933
0.823287144646 0.793327927589 0.695707885113 0.702595701538 0.0299592170566 0.127579259533 0.120691443108 -0.000734644010663 0.0111267675321 0.00495358506063
0.700623715781 0.679105639458 0.536632063983 0.527526224316 0.0215180763233 0.163991651798 0.173097491465 -0.000476837158203 0.0363673651576 0.00269527819868
0.409278762256 0.363495469093 0.5707619782 0.542038331903 0.0457832931627 -0.161483215944 -0.132759569647 0.000484466552734 0.0347160082918 0.00246263532621
0.819015122699 0.913684487343 0.675251509933 0.643745408785 -0.0946693646438 0.143763612766 0.175269713914 -0.00135040283203 0.0358721783445 0.0101241216914
0.829937249667 0.602137923241 0.719063264054 0.67822585795 0.227799326426 0.110873985613 0.151711391717 -0.0199055373669 0.00597226704882 0.00855654415323
0.746146035101 0.97414457798 0.697504778592 0.711024205167 -0.227998542879 0.0486412565093 0.0351218299336 0.0380675792694 0.00506378802004 0.00444879483958
0.82766756446 -0.0618345737457 0.5039035224 0.562115914381 0.889502138206 0.32376404206 0.265551650079 0.0579465925694 0.00458627663999 0.00600249919547
0.859858448581 0.94758605957 0.793286337543 0.772831064089 -0.0877276109893 0.0665721110378 0.0870273844921 0.0173093676567 0.00808643327776 0.00730697319802
0.823695663901 0.744437932968 0.730486234164 0.74229571021 0.0792577309329 0.0932094297374 0.0813999536912 -0.0335225462914 0.00739527124091 0.0072329199162
0.710178235592 0.824066519737 0.757028814996 0.745103922594 -0.113888284145 -0.0468505794041 -0.0349256870017 0.0600386038423 0.0721704767638 0.0864756541576
0.561991872609 1.02841925621 0.683213610525 0.66242380995 -0.466427383601 -0.121221737916 -0.100431937341 -0.0394284427166 0.00434136083541 0.012873591125
0.823042016461 1.00837087631 0.710636520553 0.732429833997 -0.185328859851 0.112405495908 0.0906121824643 -201091.982669 0.0 0.0
0.876404433389 0.493986487389 0.652132371011 0.676749213873 0.382417946 0.224272062378 0.199655219516 -0.320426516235 0.00479098844727 0.00473406715017
0.852640948981 0.613822221756 0.672635778732 0.711953881423 0.238818727225 0.180005170249 0.140687067558 0.840226836503 0.00914537642014 0.00839080818411
0.594816630676 0.800892591476 0.600368617304 0.583318631981 -0.2060759608 -0.00555198662801 0.0114979986945 -0.288769517094 0.00903760253085 0.00385982806868
0.830462177823 0.671729445457 0.741756477288 0.76129158939 0.158732732366 0.0887057005351 0.0691705884328 -0.633881025016 0.00583134116487 0.00461595163063
0.398215877181 0.880437850952 0.682705890645 0.683892832793 -0.482221973771 -0.284490013464 -0.285676955612 0.326305292547 0.00486681945407 0.00375344691178
0.644599029897 0.654478430748 0.704171666607 0.701830680723 -0.00987940085099 -0.0595726367099 -0.0572316508259 -0.250368312001 0.00406317057783 0.00440689558189
0.698090605191 0.191650629044 0.629833971656 0.614192497941 0.506439976147 0.0682566335354 0.0838981072497 0.191391214728 0.00707766140377 0.00458421320899
0.754378576404 0.828680157661 0.782350669889 0.769882214104 -0.0743015812574 -0.0279720934851 -0.0155036377001 -0.248038828373 0.00346118093445 0.0038477298294
0.833968733357 0.609015822411 0.766256362568 0.757505443866 0.224952910946 0.0677123707886 0.0764632894912 0.147824821062 0.00300310486066 0.00398678043856
0.826870661058 0.23466694355 0.617362575003 0.674712646978 0.592203717508 0.209508086055 0.15215801408 -0.002973777242 0.00676312865459 0.00425028474842
0.799283071469 0.994363665581 0.751960719888 0.731760659313 -0.195080594112 0.047322351581 0.0675224121563 -0.0497912080027 0.00509561718536 0.00392285859059
0.758725805802 0.622609853745 0.470073806222 0.493940707033 0.136115952057 0.28865199958 0.264785098769 0.203505124431 0.00578697078858 0.00516085559205
0.813339128297 0.814285039902 0.628190397215 0.664034154675 -0.000945911604733 0.185148731082 0.149304973622 0.541613984853 0.0070271532388 0.00508426284475
0.867816327205 0.578961253166 0.709381353464 0.731108926193 0.288855074039 0.158434973741 0.136707401012 -0.252487767488 0.00218234460341 0.00454605609268
0.747855380322 0.854600429535 0.6635724425 0.695885827549 -0.106745049213 0.0842829378224 0.0519695527727 -0.562657881528 0.00169469657633 0.00473801088245
0.770607165184 0.603294014931 0.76654029171 0.76211681818 0.167313150253 0.0040668734736 0.00849034700385 -0.520291954279 0.00217567490479 0.00667824688917
0.842936651469 0.786436915398 0.807640000953 0.789940033705 0.0564997360714 0.0352966505157 0.0529966177642 0.665907993913 0.00360714618439 0.0114292251897
0.695753200202 0.677139163017 0.456744422221 0.476973858813 0.0186140371847 0.239008777981 0.218779341389 0.217812292278 0.00192932360955 0.00486917512711
0.691845641092 0.793116807938 0.802875914626 0.775998860548 -0.101271166846 -0.111030273534 -0.0841532194565 -0.0616550371051 0.00289215984405 0.0106498601577
0.82839849738 0.598782896996 0.767214140264 0.783582811664 0.229615600384 0.061184357116 0.0448156857158 0.108797386289 0.0025572388428 0.00736033639049
0.809404489421 1.06931376457 0.765170424557 0.746481252962 -0.259909275151 0.0442340648638 0.0629232364589 -0.311714984477 0.00485291247007 0.00558357710821
0.817949975523 0.461833357811 0.706200701099 0.764892572253 0.356116617712 0.111749274424 0.0530574032699 0.0469135940075 0.00318360110459 0.0087357946604
0.834509827609 0.203937530518 0.502799367307 0.578634975682 0.630572297091 0.331710460302 0.255874851927 -0.34558095783 0.00332926538562 0.00803278783392
0.234674946597 0.25428545475 0.398184981179 0.409121487935 -0.0196105081531 -0.163510034582 -0.174446541338 1.08117452264 0.0281895742076 0.0148061645602
0.833470942732 0.398626565933 0.701260192426 0.691714671712 0.434844376799 0.132210750306 0.14175627102 -1.32342226058 0.00550769525424 0.0171659691461
0.638714250971 0.378165841103 0.464846512528 0.512981160422 0.260548409868 0.173867738443 0.125733090549 0.580492850393 0.00711309967626 0.0171415478913
0.857710405948 0.650772929192 0.780741955788 0.765012281839 0.206937476756 0.0769684501598 0.092698124109 0.522232718766 0.00988111824608 0.0166428270898
0.627982545971 0.395986437798 0.692079829301 0.709925336143 0.231996108173 -0.06409728333 -0.081942790172 0.628504671156 0.00838339195083 0.0180707868108
0.781079119292 0.40850520134 0.555594752209 0.635807399446 0.372573917952 0.225484367083 0.145271719846 -0.393646173179 0.00900197245885 0.0155688413463
0.401359686024 0.593960285187 0.660079386253 0.637958434537 -0.192600599163 -0.258719700229 -0.236598748513 -1.21418527886 0.00352594369219 0.0117751307501
0.852249881466 0.606356024742 0.77731364002 0.77692653933 0.245893856724 0.0749362414458 0.0753233421357 1.16596783325 0.00190328271099 0.0108620746819
0.800778977734 0.719853281975 0.686878916678 0.711569954526 0.0809256957592 0.113900061056 0.0892090232081 0.414084360003 0.00525778324577 0.00764101050882
0.347892448715 0.477197408676 0.425196811346 0.428776333848 -0.129304959961 -0.0773043626306 -0.0808838851334 -0.363704204559 0.0110150065265 0.0115107993168
0.64322066123 0.781683564186 0.630552815691 0.631335469683 -0.138462902956 0.0126678455393 0.0118851915468 -0.393011592329 0.00386808923471 0.00986722505776
0.800028232895 0.332201361656 0.657851802773 0.657813033931 0.467826871239 0.142176430122 0.142215198964 -0.691379535943 0.00141738170327 0.0145013643376
0.693661442311 0.488125920296 0.795882735086 0.775085291001 0.205535522015 -0.102221292775 -0.0814238486896 -0.336486693472 0.00330590141146 0.01126913855
0.785829937107 0.759616732597 0.700125730899 0.6608655801 0.0262132045096 0.0857042062076 0.124964357007 0.645015520044 0.00237848185054 0.0108843296432
0.680292425742 0.943317651749 0.721917856342 0.706588246014 -0.263025226007 -0.0416254305997 -0.0262958202721 -0.00423617847264 0.00323758047843 0.0109622806912
0.652556727259 0.707713484764 0.421770329296 0.492004099977 -0.0551567575051 0.230786397963 0.160552627282 0.455965574365 0.00824155570568 0.0192751587706
0.82805558862 0.316591143608 0.761914553294 0.759935790476 0.511464445012 0.0661410353261 0.0681197981444 -0.314120323397 0.012500683061 0.0190754768272
0.731565236256 0.711247205734 0.762018067365 0.762027042092 0.0203180305217 -0.0304528311092 -0.0304618058356 0.223583897576 0.00442681528339 0.025348290792
0.491971003012 0.702395439148 0.699144318134 0.709321225531 -0.210424436136 -0.207173315122 -0.217350222519 0.479491649196 0.00840238762197 0.0303375661869
0.852386938167 1.15714359283 0.768548096286 0.767190297757 -0.304756654667 0.083838841881 0.0851966404103 -1.156143317 0.00162083723444 0.0166153476759
0.710715821944 0.269665598869 0.457956579076 0.52511727725 0.441050223075 0.252759242868 0.185598544694 0.785541002639 0.00119059437538 0.0189678992106
0.743682702951 -0.163687348366 0.460792231396 0.487827203546 0.907370051317 0.282890471555 0.255855499405 0.179476508871 0.00636295641122 0.0246971385201
0.798991526091 0.606106758118 0.723463342413 0.748283867943 0.192884767973 0.0755281836781 0.0507076581485 -0.635366469622 0.0837630939597 0.0466233017783
0.756792120176 0.580004453659 0.653772557187 0.655949746614 0.176787666517 0.103019562989 0.100842373562 0.181935275905 0.132855147292 0.0492092546532
