# resid_index #
x = [1, 2, 3, 4, 5, 6, 7, 8, 9, 10, 11, 12, 13, 14, 15, 16, 17, 18, 19, 20, 21, 22, 23, 24, 25, 26, 27, 28, 29, 30, 31, 32, 33, 34, 35]

# s2_predicted_LR #
y1 = [0.7246471223956952, 0.7992548288145567, 0.8605418273266181, 0.750824761336786, 0.7394552992196235, 0.8170223882087189, 0.7768041632617251, 0.7355948281023588, 0.6018812599844219, 0.45698647473589626, 0.678528177357032, 0.3447701752047727, 0.8057781087650093, 0.7724691702993025, 0.8777501991663452, 0.7037577035068903, 0.8340872266399584, 0.6408603665406225, 0.7784564120901682, 0.44721250088844466, 0.6223765882916845, 0.5658029921837178, 0.832703675744163, 0.7519755728649578, 0.8310916351018942, 0.8227175199386163, 0.9647949523283603, 0.882985000578153, 0.801336852449192, 0.8919547582865828, 0.902510521124843, 0.9030886212181615, 0.896797247313512, 0.77997539834576, 0.7675842386208804]

# s2_predicted_RF #
y2 = [0.6812058901788683, 0.6917222511615042, 0.7479054622747924, 0.7385743266484712, 0.816719385684347, 0.8400633313067395, 0.742893819997646, 0.5506238017517634, 0.5895684177516841, 0.44621603963923884, 0.7226139141220793, 0.36360156203915506, 0.8311724271955256, 0.8493881640542192, 0.821038640722434, 0.7429774176157593, 0.8118146601407139, 0.7105647859813021, 0.7907473407443466, 0.6254138155010459, 0.5042700236141039, 0.6586490784571292, 0.8087069415725134, 0.7747070369444542, 0.8234823459286861, 0.8233462145370057, 0.827913592555126, 0.7410754517135039, 0.772025023718202, 0.7935762500102889, 0.7961101190458003, 0.8069212155642155, 0.7462668226036132, 0.7356954060561294, 0.6670148592524816]

# s2_measured #
y3 = [0.797367906216, 0.860580382116, 0.85834926324, 0.853475290909, 0.84357737211, 0.85192871712, 0.856036850328, 0.826133435015, 0.761739309437, 0.665135868177, 0.453229570858, 0.201521645996, 0.809433987834, 0.853889974207, 0.865520170334, 0.850794106766, 0.829504396303, 0.817513651735, 0.802298426107, 0.757504276967, 0.758665738462, 0.773312621189, 0.866488403225, 0.874876185351, 0.862149149714, 0.858208068062, 0.866965686516, 0.610199028269, 0.870025692183, 0.874797518299, 0.864267087396, 0.841471668278, 0.842565632659, 0.818741020547, 0.782915125881]

# s2_diff (measured - predicted_LR) #
y1 = [0.07272078382030478, 0.06132555330144329, -0.002192564086618054, 0.10265052957221399, 0.10412207289037645, 0.03490632891128109, 0.07923268706627495, 0.09053860691264126, 0.1598580494525781, 0.20814939344110372, -0.225298606499032, -0.1432485292087727, 0.003655879068990675, 0.08142080390769746, -0.012230028832345252, 0.14703640325910972, -0.004582830336958388, 0.1766532851943775, 0.023842014016831725, 0.3102917760785553, 0.1362891501703155, 0.20750962900528225, 0.03378472748083694, 0.12290061248604223, 0.03105751461210582, 0.0354905481233837, -0.09782926581236029, -0.272785972309153, 0.06868883973380802, -0.017157239987582784, -0.03824343372884298, -0.06161695294016145, -0.054231614654511984, 0.038765622201240024, 0.015330887260119552]

# s2_diff (measured - predicted_RF) #
y2 = [0.11616201603713161, 0.16885813095449576, 0.11044380096520767, 0.11490096426052876, 0.026857986425652958, 0.011865385813260465, 0.113143030330354, 0.27550963326323663, 0.17217089168531585, 0.21891982853776115, -0.26938434326407934, -0.16207991604315505, -0.02173843936152564, 0.0045018101527807275, 0.04448152961156593, 0.10781668915024067, 0.017689736162286085, 0.10694886575369789, 0.011551085362653368, 0.13209046146595405, 0.25439571484789614, 0.11466354273187085, 0.05778146165248654, 0.10016914840654578, 0.03866680378531395, 0.03486185352499427, 0.03905209396087406, -0.1308764234445039, 0.09800066846479794, 0.08122126828871112, 0.06815696835019969, 0.03455045271378454, 0.09629881005538676, 0.08304561449087067, 0.11590026662851838]