0.391220079003
0.110487289015
0.111865938004
-8.60885055421
0.233602990992
0.214357619021
0.102040816327 0.300958437847
0.309523809524 0.0017032549967
0.22619047619 0.0218551333359
0.811365021576 0.6066432726 0.804893071548 0.811903349544 0.204721748976 0.0064719500279 -0.000538327968153 -3.27118369284e-11 0.0 0.0
0.888687740174 0.759869645435 0.848348529787 0.833347445854 0.128818094739 0.0403392103868 0.0553402943203 2.72873081552e-11 0.0 0.0
0.686263298308 0.389566720112 0.51832095967 0.535682421074 0.296696578196 0.167942338638 0.150580877234 8.58278754057e-11 0.0 0.0
0.639489815014 0.763040252591 0.664394781096 0.656739100228 -0.123550437577 -0.0249049660824 -0.017249285214 -8.17377506825e-11 0.0 0.0
0.88152518605 0.920995986207 0.856794013124 0.834041572266 -0.0394708001569 0.0247311729255 0.0474836137845 5.22088631008e-11 0.0 0.0
0.751312299533 0.905940073964 0.788812580999 0.784063953066 -0.154627774431 -0.0375002814659 -0.0327516535327 1.50810136948e-11 0.0 0.0
0.679997349474 0.791556232482 0.714199840584 0.68989018387 -0.111558883008 -0.0342024911097 -0.00989283439562 5.0301412341e-12 0.0 0.0
0.693322320058 0.809128807062 0.842103832133 0.833553102337 -0.115806487004 -0.148781512075 -0.140230782279 -5.60735485822e-12 0.0 0.0
0.570681577096 0.777465583952 0.831150059726 0.835642834932 -0.206784006856 -0.26046848263 -0.264961257836 -7.60515608822e-12 0.0 0.0
0.882878431791 1.01893875001 0.835907523401 0.820130970143 -0.13606031822 0.04697090839 0.0627474616481 -2.44263984039e-12 0.0 0.0
0.85415172951 0.414887980561 0.829372717907 0.834353955384 0.439263748949 0.0247790116026 0.0197977741261 7.71658778542e-13 0.0 0.0
0.272987872453 1.33240305137 0.507005027943 0.532576094531 -1.05941517891 -0.23401715549 -0.259588222078 -0.0797473337291 0.000493649766187 0.0046434938897
0.890757451553 0.466445973829 0.814648836748 0.825208984061 0.424311477724 0.0761086148051 0.0655484674917 8.32048934786e-05 0.0322549368439 0.0174051567068
0.842982306015 0.112835893075 0.556694775313 0.581536508269 0.73014641294 0.286287530702 0.261445797746 -7.90508114265e-05 0.00739191228729 0.0158438550915
0.669258200512 0.584778007063 0.793165006094 0.795046068418 0.0844801934494 -0.123906805582 -0.125787867906 0.00158350943709 0.00135074747587 0.00213784752943
0.783033000952 0.87133304233 0.758756990479 0.73882464399 -0.0883000413785 0.0242760104729 0.0442083569622 0.0128128038875 0.0498483790151 0.00866121922518
0.585553122167 0.963635608574 0.747131065548 0.717557717064 -0.378082486407 -0.161577943381 -0.132004594897 -0.0010204005993 0.00506248546718 0.000561166538144
0.513128162416 0.693674970419 0.772793283474 0.776627023702 -0.180546808003 -0.259665121058 -0.263498861286 0.00103587568807 0.00262957296083 0.000228083925725
0.881430298906 0.725301520422 0.842308577745 0.838956576689 0.156128778484 0.039121721161 0.042473722217 -0.000993582615049 0.00770748657776 0.00248868525072
0.842083972225 0.845666982032 0.79908859638 0.825602756909 -0.00358300980698 0.0429953758452 0.0164812153164 -0.00849081759581 0.00415832228374 0.00317733560225
0.784441623316 0.375038014074 0.678608368435 0.665705857391 0.409403609242 0.105833254881 0.118735765925 -0.0690073614453 0.00250125788044 0.0024555132905
0.837041982155 0.189980596474 0.836593279109 0.824984132027 0.647061385681 0.000448703045978 0.0120578501279 -0.0170391085549 0.00176686120743 0.00111563950205
0.758908381513 0.627203410246 0.828589189986 0.83091419672 0.131704971267 -0.0696808084735 -0.0720058152069 0.0467772067534 0.00243869252133 0.00140238944277
0.794948075677 0.559518014495 0.822294731961 0.828637199787 0.235430061182 -0.027346656284 -0.0336891241098 0.0558397615203 0.00225803234104 0.00184699572152
0.639034705366 0.445981181112 0.727189439332 0.714078598332 0.193053524254 -0.0881547339657 -0.0750438929663 -0.0274899845 0.00484572046076 0.0251997961582
0.752398353707 0.721396617241 0.827808169864 0.833604837556 0.0310017364663 -0.0754098161572 -0.0812064838493 0.0204444465256 0.00184434057354 0.00773304701612
0.605850808 0.481274875103 0.834379783409 0.834160572588 0.124575932897 -0.228528975409 -0.228309764588 8.82627304577e-15 0.0 0.0
0.878489136502 0.693086344824 0.818994530491 0.834796798044 0.185402791678 0.0594946060115 0.0436923384583 0.0692221536739 0.0288301829295 0.00258911392293
0.498917588535 0.257097823743 0.493110893178 0.529184653373 0.241819764792 0.00580669535713 -0.0302670648376 -0.0175816895957 0.0044033271982 0.00576329873239
0.7796679344 0.74525328093 0.781012498589 0.786367424156 0.0344146534704 -0.00134456418884 -0.0066994897561 -0.354958271579 0.0159556394373 0.0142427893037
0.803596109721 1.3697967624 0.849069419759 0.825188420279 -0.566200652677 -0.0454733100381 -0.0215923105577 0.253001994124 0.0114865342208 0.0127406602157
0.853816796611 1.55160826459 0.845610194 0.832364912012 -0.697791467977 0.00820660261114 0.0214518845991 -0.109619548958 0.0107387444857 0.0136810776196
0.78231880108 0.144784353264 0.676620434367 0.665022856702 0.637534447816 0.105698366713 0.117295944378 0.24730356663 0.00648640740688 0.0166025353621
0.787192697318 0.187606351848 0.754152922549 0.713044213789 0.59958634547 0.0330397747693 0.0741484835293 0.408731170816 0.00222597890971 0.0259296917643
0.813801434143 0.735788357873 0.651691766468 0.641158596734 0.07801307627 0.162109667675 0.172642837409 0.504860972952 0.00619184996666 0.0241228367351
0.886500273144 1.70530326498 0.836339103651 0.828907902622 -0.818802991839 0.0501611694925 0.0575923705223 -0.780847200751 0.0188443452765 0.025560563958
0.899228399085 0.76247397663 0.782265897037 0.796750296638 0.136754422455 0.116962502048 0.102478102447 0.0098157727999 0.0251500058018 0.0313579167083
0.850114682817 1.18284700431 0.835464767556 0.834480186793 -0.332732321494 0.0146499152606 0.0156344960241 0.703716198879 0.12307364972 0.0497541448298
0.8873995934 0.878876242404 0.844446175861 0.825638055969 0.00852335099565 0.0429534175391 0.0617615374306 -1.73383341049 0.104937816186 0.0472341795557
0.815862831096 0.860827629868 0.754178168011 0.714471879416 -0.0449647987723 0.0616846630846 0.10139095168 0.312642391976 0.0317071140659 0.0425003547106
0.81343400631 0.371928365026 0.766494808016 0.742129678932 0.441505641284 0.0469391982938 0.0713043273778 0.825058287655 0.00695955397871 0.032392419585
0.881119329286 1.62632721606 0.833085026158 0.834715263596 -0.745207886777 0.0480343031275 0.0464040656902 -0.504109204626 0.0104984861144 0.02529864847
0.860306591936 0.281473859678 0.763773802298 0.775598235165 0.578832732258 0.0965327896385 0.0847083567706 0.0616468793427 0.0106219883241 0.0294409969257
0.865339519742 0.732765767544 0.8163529199 0.802276984375 0.132573752198 0.0489865998422 0.0630625353665 0.194585057615 0.0894513806162 0.0333469721506
0.771812450024 1.41201545291 0.833434567463 0.830598509974 -0.640203002882 -0.0616221174392 -0.05878605995 0.0589148190006 0.0465638825234 0.0316555078561
0.682152430532 0.416404708663 0.7694986214 0.804120119159 0.265747721869 -0.0873461908679 -0.121967688627 0.370180532088 0.0394641298231 0.039409048586
0.88189377428 0.566927217653 0.740269901708 0.760110369917 0.314966556627 0.141623872572 0.121783404363 -0.25336606323 0.0419681418387 0.031482840056
0.690365185613 0.38934561256 0.81636916362 0.835596072022 0.301019573053 -0.126003978007 -0.145230886409 -0.0740513709343 0.0514029165365 0.0408565614772
0.703900011763 0.561238728536 0.7665023827 0.768745202155 0.142661283227 -0.0626023709374 -0.0648451903918 -0.491420918339 0.0129931378011 0.0293873375786
