0.111059905188
0.259755437846
0.510429835651 1.10451438959e-15
1.0 0.797367906216 0.743898362243 0.0534695439729 0.000241031134189
2.0 0.860580382116 0.83219018043 0.0283902016858 0.000109522955568
3.0 0.85834926324 0.818482116679 0.0398671465609 0.000265998559879
4.0 0.853475290909 0.786790200202 0.0666850907074 0.000189585945052
5.0 0.84357737211 0.791529174948 0.052048197162 0.000171400275567
6.0 0.85192871712 0.850907006884 0.00102171023578 4.87863645431e-05
7.0 0.856036850328 0.796482266445 0.0595545838828 1.80838212394e-05
8.0 0.826133435015 0.764145237462 0.0619881975531 0.00116804715183
9.0 0.761739309437 0.65553266315 0.106206646287 0.000834834426599
10.0 0.665135868177 0.429613373244 0.235522494933 0.00140409259609
11.0 0.453229570858 0.662486663193 -0.209257092335 0.00298790203962
12.0 0.201521645996 0.301012531624 -0.0994908856281 0.00361840534456
13.0 0.809433987834 0.814683249432 -0.00524926159773 0.020820618773
14.0 0.853889974207 0.803407305796 0.0504826684109 0.0174107706775
15.0 0.865520170334 0.817867233815 0.0476529365186 0.0176326036006
16.0 0.850794106766 0.692319738661 0.158474368105 0.0187168175263
17.0 0.829504396303 0.837557486521 -0.00805309021832 0.0111210802269
18.0 0.817513651735 0.702283654398 0.115229997337 0.0848315456462
19.0 0.802298426107 0.769909564624 0.0323888614832 0.0207005665071
20.0 0.757504276967 0.314738802329 0.442765474638 0.00967932871261
21.0 0.758665738462 0.670035200166 0.0886305382964 0.0097559426828
22.0 0.773312621189 0.540141085662 0.233171535527 0.00946914394483
23.0 0.866488403225 0.817449413416 0.0490389898089 0.0181493485954
24.0 0.874876185351 0.7274852082 0.147390977151 0.0217226228941
25.0 0.862149149714 0.816019409142 0.0461297405721 0.00786803840514
26.0 0.858208068062 0.825858070161 0.0323499979007 0.00400510907069
27.0 0.866965686516 0.817417947231 0.0495477392854 0.0
28.0 0.610199028269 0.788094351389 -0.17789532312 0.00515284508301
29.0 0.870025692183 0.786655419261 0.0833702729218 0.00480655258949
30.0 0.874797518299 0.83163178469 0.0431657336091 0.00328502102048
31.0 0.864267087396 0.820226370295 0.0440407171014 0.00207099130841
32.0 0.841471668278 0.833234181843 0.00823748643459 0.0020764419338
33.0 0.842565632659 0.820016561551 0.022549071108 0.00244641460689
34.0 0.818741020547 0.753187645563 0.0655533749836 0.00242907242641
35.0 0.782915125881 0.753993138381 0.0289219875001 0.0020441048607
25.0 0.835262157743 0.818008180486 0.0172539772565 0.00153483760393
29.0 0.849284670213 0.711670892405 0.137613777808 0.00200187840019
30.0 0.859660505959 0.82068045637 0.0389800495892 0.00171940121523
31.0 0.860814379415 0.795316130093 0.0654982493216 0.00151704892414
32.0 0.847453251849 0.818552655211 0.0289005966382 0.00160116099405
3.0 0.831138948291 0.813512128076 0.0176268202145 0.00153773119794
4.0 0.815544812019 0.645118753824 0.170426058195 0.00109819714131
5.0 0.799283071469 0.789101161404 0.0101819100652 0.00134257955612
6.0 0.811626239916 0.81515583428 -0.00352959436375 0.00168033388098
7.0 0.81472899248 0.801772527941 0.0129564645394 0.00121781484154
9.0 0.698090605191 0.544067274004 0.154023331187 0.0011922684343
10.0 0.57109343066 0.348938197911 0.222155232749 0.00157756905477
11.0 0.470150178151 0.666737476191 -0.19658729804 0.00102961940022
12.0 0.362028396382 0.280732302596 0.0812960937859 0.00139639418905
13.0 0.818951136094 0.766349723219 0.0526014128751 0.00103107370667
14.0 0.826512552458 0.65352586932 0.172986683138 0.00120051600889
16.0 0.82805558862 0.691313994198 0.136741594422 0.00141309763488
18.0 0.806618291692 0.674956381451 0.131661910241 0.00140617987409
19.0 0.791630762989 0.743896458356 0.0477343046329 0.00124913113748
20.0 0.57520474948 0.30753898871 0.26766576077 0.00113480895473
21.0 0.710715821944 0.563898633578 0.146817188366 0.001161231725
24.0 0.82653742244 0.665145911974 0.161391510466 0.00104636270697
26.0 0.83335132482 0.793302734681 0.0400485901393 0.00110220805546
34.0 0.827892511079 0.736937010558 0.0909555005212 0.001250928122
35.0 0.806840390225 0.761922930685 0.0449174595404 0.00138998227292
3.0 0.814897676407 0.7