# resid_index #
x = [3, 4, 5, 6, 7, 9, 10, 11, 12, 13, 14, 16, 18, 19, 20, 21, 24, 26, 34, 35]

# s2_predicted_LR #
y1 = [0.8164424612716683, 0.6626534051603024, 0.7275010293631619, 0.7369855351811099, 0.7554732795844075, 0.48849616590097256, 0.3105942561011208, 0.6765179015474878, 0.25635917391451635, 0.7470086467859005, 0.6570856380300407, 0.7037813736248433, 0.6533339117598178, 0.6983975976453562, 0.45808196993058914, 0.5635513736829463, 0.6974922199786908, 0.8039642622502816, 0.7663548667304676, 0.7482233074454641]

# s2_predicted_RF #
y2 = [0.742327813754567, 0.7362037500725871, 0.8028775479650122, 0.8324794805447502, 0.7402528449726054, 0.5616169537907126, 0.395807054394243, 0.7433364456360225, 0.3339786864253646, 0.8181528772088644, 0.8347053146189353, 0.7327337023865261, 0.7109751245828926, 0.7733711754835704, 0.6149138908729188, 0.5562829754599337, 0.7641422828089899, 0.8014485597368302, 0.709683260831347, 0.6377854074701036]

# s2_measured #
y3 = [0.831138948291, 0.815544812019, 0.799283071469, 0.811626239916, 0.81472899248, 0.698090605191, 0.57109343066, 0.470150178151, 0.362028396382, 0.818951136094, 0.826512552458, 0.82805558862, 0.806618291692, 0.791630762989, 0.57520474948, 0.710715821944, 0.82653742244, 0.83335132482, 0.827892511079, 0.806840390225]

# s2_diff(measured - predicted_LR) #
y1 = [0.014696487019331683, 0.15289140685869762, 0.07178204210583816, 0.07464070473489015, 0.059255712895592505, 0.2095944392900274, 0.26049917455887917, -0.2063677233964878, 0.10566922246748367, 0.07194248930809954, 0.16942691442795932, 0.12427421499515667, 0.15328437993218214, 0.09323316534364379, 0.11712277954941086, 0.14716444826105368, 0.12904520246130913, 0.029387062569718347, 0.06153764434853237, 0.05861708277953592]

# s2_diff (measured - predicted_RF) #
y2 = [0.08881113453643297, 0.07934106194641288, -0.003594476496012189, -0.020853240628750158, 0.07447614750739462, 0.13647365140028733, 0.17528637626575694, -0.2731862674850225, 0.028049709956635416, 0.0007982588851356276, -0.00819276216093523, 0.09532188623347382, 0.09564316710910736, 0.018259587505429664, -0.03970914139291881, 0.1544328464840663, 0.062395139631010066, 0.031902765083169804, 0.11820925024765294, 0.1690549827548964]

Measured/LR:
Kendalltau = 0.61052631578947369
p_value = 0.00016752701395680427

Measured/RF:
Kendalltau = 0.37894736842105264
p_value = 0.019491846004490748

