RMSE(LR) = 0.269550953517
RMSE(RF) = 0.135383560625
RMSE(ET) = 0.126390263522

Explained Variance(LR) = -2.39527091013
Explained Variance(RF) = 0.143505553024
Explained Variance(ET) = 0.253516992191

Kendall tau, p_value(LR) = 0.196593854128 0.0132107507986
Kendall tau, p_value(RF) = 0.349870418364 1.0333933604e-05
Kendall tau, p_value(ET) = 0.360977415772 5.36286775041e-06

 Measured s2   LR Predict s2  RF Predict s2  ET Predict s2  LR s2 Diff      RF s2 Diff     ET s2 Diff       LR_RC       RF_FI ET_FI
0.645798927894 0.528924703598 0.667269522564 0.694514374518 0.116874224296 -0.02147059467 -0.0487154466241 -160823776.938 0.0 0.0
0.57520474948 0.179584980011 0.50916736311 0.469487906226 0.395619769469 0.0660373863702 0.105716843254 15618023475.9 0.0 0.0
0.847740256471 0.817100763321 0.792860214106 0.773734375619 0.0306394931501 0.0548800423648 0.0740058808517 1499548750.04 0.0 0.0
0.815544812019 0.526320695877 0.748567303625 0.756724006933 0.289224116142 0.0669775083936 0.0588208050858 -279234143.594 0.0 0.0
0.8421036765 0.704257965088 0.744990470129 0.706935526082 0.137845711412 0.0971132063705 0.135168150418 2976847933.77 0.0 0.0
0.265932276814 0.327921867371 0.430932948999 0.462725379312 -0.0619895905566 -0.165000672185 -0.196793102498 -3002460123.1 0.0 0.0
0.881420059976 0.678287982941 0.680710137727 0.738160873812 0.203132077035 0.200709922249 0.143259186164 -1548914701.28 0.0 0.0
0.853354554565 0.656618833542 0.69579781624 0.670705996289 0.196735721023 0.157556738325 0.182648558276 -74092852.8059 0.0 0.0
0.867468809699 0.904664754868 0.659684083328 0.705053084047 -0.0371959451686 0.207784726371 0.162415725652 5957085.18191 0.000891753572473 0.00557190961547
0.820716463011 0.721510648727 0.790929377471 0.778414724198 0.0992058142836 0.0297870855396 0.0423017388126 79006146.769 0.0 0.0
0.846215981961 0.813813447952 0.779347892318 0.779719971066 0.0324025340087 0.0668680896429 0.0664960108954 5957085.20184 0.000411483951323 0.00485173112145
0.646800795796 0.58859372139 0.607099690173 0.615498277205 0.0582070744062 0.0397011056233 0.0313025185906 0.0441962480545 0.0712947437388 0.171577615591
0.791630762989 1.01407027245 0.68070531692 0.655368023884 -0.222439509457 0.110925446069 0.136262739105 4.91142272949e-05 0.0442502474132 0.0144217524823
0.553599915217 0.925673007965 0.770526269016 0.760208245616 -0.372073092748 -0.216926353799 -0.206608330399 -5.72204589844e-05 0.0151508982291 0.0140213554545
0.840141471449 1.06149291992 0.791921061586 0.779933286887 -0.221351448473 0.0482204098625 0.0602081845624 0.000594347715378 0.0068101586788 0.00336628061338
0.823287144646 0.618367671967 0.684004681985 0.688994298728 0.204919472679 0.139282462661 0.134292845918 0.00294929742813 0.0103091177892 0.00807049763769
0.700623715781 0.476128339767 0.48427031584 0.530504043104 0.224495376014 0.216353399941 0.170119672677 -2.28881835938e-05 0.024482644855 0.00265483246649
0.409278762256 0.347611665726 0.440916617272 0.484528436731 0.0616670965303 -0.0316378550161 -0.0752496744747 2.28881835938e-05 0.0605178330965 0.00277119715006
0.819015122699 0.70244383812 0.665780115095 0.645176815156 0.116571284579 0.153235007604 0.173838307543 0.000504165887833 0.0464791995962 0.0155142185134
0.829937249667 0.479410409927 0.68562672172 0.673406033987 0.35052683974 0.144310527947 0.15653121568 -0.014174759388 0.00422174474158 0.0144167088824
0.746146035101 0.742047786713 0.670961766267 0.714093844512 0.00409824838835 0.075184268834 0.0320521905886 0.00781857967377 0.00563683860738 0.0124273356114
0.82766756446 -0.0973422527313 0.559510512134 0.589041272094 0.925009817191 0.268157052326 0.238626292366 0.0123832523823 0.00579809276519 0.00501373586433
0.859858448581 0.679499149323 0.795017331883 0.769201768626 0.180359299258 0.0648411166977 0.0906566799547 -0.00471884012222 0.0105968427132 0.0155536461173
0.823695663901 0.807256698608 0.717806618554 0.738821437262 0.0164389652926 0.105889045347 0.0848742266393 -0.0276905894279 0.0231827495579 0.0126911166412
0.710178235592 0.642348051071 0.75494953958 0.746892305387 0.0678301845208 -0.0447713039875 -0.0367140697954 0.0391748100519 0.256116895435 0.163156654866
0.561991872609 0.830468416214 0.688232275595 0.661308487237 -0.268476543605 -0.126240402986 -0.0993166146282 -0.0263813138008 0.0131406606639 0.0199161883038
0.823042016461 0.844159603119 0.682546488807 0.731334267691 -0.0211175866579 0.140495527654 0.0917077487705 512111.24943 0.0 0.0
0.876404433389 0.577097654343 0.628708871617 0.673386990055 0.299306779046 0.247695561772 0.203017443334 -0.0248398706317 0.00621610467341 0.00380507382779
0.852640948981 0.966932535172 0.670982498337 0.714307975858 -0.114291586191 0.181658450644 0.138332973123 0.204233437777 0.00922392440849 0.00951119696026
0.594816630676 0.756940126419 0.60212783479 0.610283419675 -0.162123495743 -0.00731120411384 -0.0154667889994 -0.204564910382 0.0086590479319 0.00524126428087
0.830462177823 0.798053026199 0.734667026198 0.755611575217 0.0324091516237 0.0957951516246 0.0748506026061 -0.448980391026 0.0148253738185 0.0102376752406
0.398215877181 0.826389551163 0.543858427368 0.624570420935 -0.428173673982 -0.145642550187 -0.226354543754 0.619468457997 0.00337422922025 0.00801638405675
0.644599029897 0.672271251678 0.710513328142 0.701232582248 -0.0276722217815 -0.0659142982451 -0.0566335523515 -0.234203234315 0.00837636456423 0.0109926933398
0.698090605191 0.438691616058 0.530167825206 0.568330512911 0.259398989133 0.167922779985 0.12976009228 0.0499025061727 0.00704834917416 0.0096804397706
0.754378576404 0.851170539856 0.776743195034 0.765499014981 -0.096791963452 -0.0223646186297 -0.0111204385772 -0.0965869240463 0.00238949689031 0.00698280861281
0.833968733357 0.703585386276 0.764159714243 0.756676950621 0.130383347081 0.0698090191137 0.0772917827361 0.0926749054343 0.00600098956137 0.00534428180922
0.826870661058 0.678518772125 0.615348340313 0.667200989133 0.148351888933 0.211522320745 0.159669671925 0.00132684037089 0.00936619023499 0.00918724453918
0.799283071469 0.590374946594 0.750661272743 0.72693574512 0.208908124875 0.0486217987262 0.0723473263489 -0.184111434966 0.00965545250924 0.0125213184576
0.758725805802 0.5140812397 0.456801445256 0.507407728218 0.244644566102 0.301924360546 0.251318077584 -0.264390810393 0.00657464433742 0.00890754968932
0.813339128297 0.673936843872 0.626601281082 0.65792809265 0.139402284425 0.186737847215 0.155411035647 0.515594543889 0.00348832619238 0.00800172742075
0.867816327205 0.618885040283 0.699799833509 0.740960083857 0.248931286922 0.168016493696 0.126856243348 -0.0656624063849 0.00691428210953 0.00744876705462
0.747855380322 0.854608058929 0.633958396613 0.692775696108 -0.106752678607 0.113896983709 0.0550796842138 0.138001006097 0.00264757214486 0.00980018665873
0.770607165184 0.627233982086 0.757676354154 0.763716068751 0.143373183098 0.0129308110303 0.00689109643293 -0.197045609355 0.00456099241001 0.010599942755
0.842936651469 0.817931652069 0.8060111743 0.78708025276 0.0250049993999 0.0369254771691 0.0558563987091 -0.0178097113967 0.024734964031 0.0178511865349
0.695753200202 0.69221663475 0.476526632332 0.512899479537 0.00353656545163 0.21922656787 0.182853720665 0.0681761056185 0.00553141124122 0.0149277144451
0.691845641092 0.870076417923 0.804726894308 0.776562965111 -0.178230776831 -0.112881253216 -0.0847173240193 0.309096544981 0.0016320439726 0.0102898593459
0.82839849738 0.686323881149 0.77243535976 0.779949970171 0.142074616231 0.05596313762 0.0484485272086 -0.385090827942 0.00548812538562 0.0136530241403
0.809404489421 0.818781375885 0.767686291523 0.72999175552 -0.00937688646401 0.0417181978985 0.0794127339012 -0.256314262748 0.0021511376724 0.00834798177419
0.817949975523 0.68997836113 0.674170481599 0.757464775791 0.127971614393 0.143779493924 0.0604851997321 0.110883876681 0.00402352282676 0.00903306445949
0.834509827609 0.368944883347 0.596238341096 0.627404185864 0.465564944262 0.238271486513 0.207105641745 0.18554007262 0.0176736775794 0.0143441884318
0.234674946597 -0.097496509552 0.39028021388 0.449511619881 0.332171456149 -0.155605267283 -0.214836673284 0.56933838129 0.0266418880083 0.0134458194646
0.833470942732 0.619213581085 0.707566601009 0.688247966982 0.214257361647 0.125904341723 0.14522297575 -0.644298650324 0.00639463868746 0.0154203499664
0.638714250971 0.293127298355 0.580146197381 0.566827078263 0.345586952616 0.0585680535896 0.0718871727075 0.0370305553079 0.00717741021099 0.0165202967906
0.857710405948 0.698572397232 0.77869146747 0.759463818514 0.159138008716 0.0790189384783 0.0982465874339 0.0500561594963 0.0120677382353 0.0165718042046
0.627982545971 0.646165132523 0.697798020243 0.710744625326 -0.0181825865516 -0.069815474272 -0.0827620793554 1.08962943777 0.00433558433644 0.0130201158152
0.781079119292 0.797696352005 0.681456327178 0.694005885665 -0.016617232713 0.0996227921145 0.0870732336266 -0.57404910028 0.00554832731644 0.00656470364528
0.401359686024 0.583839893341 0.542932290655 0.577717831149 -0.182480207317 -0.141572604631 -0.176358145125 -1.69789446145 0.00256647295392 0.00924411141243
0.852249881466 0.818937063217 0.777748394641 0.776874362445 0.0333128182488 0.0745014868254 0.0753755190205 1.21207688004 0.00152650023619 0.0064306149833
0.800778977734 0.645674705505 0.659292633102 0.690063330192 0.155104272229 0.141486344632 0.110715647542 0.180606316775 0.00491551632582 0.00597795743768
0.347892448715 -0.827973842621 0.444293612303 0.446111204872 1.17586629134 -0.0964011635878 -0.0982187561568 -0.00976707041264 0.00816229893327 0.00551032936184
0.64322066123 0.518141508102 0.65122611788 0.658198998654 0.125079153128 -0.00800545665048 -0.0149783374239 -0.199512727559 0.00498786800046 0.00519738250609
0.800028232895 0.35640335083 0.616141504266 0.649907732983 0.443624882065 0.183886728629 0.150120499912 -0.208929818124 0.00191275256887 0.00600012574115
0.693661442311 0.698572158813 0.794302227259 0.777456718936 -0.00491071650248 -0.100640784948 -0.0837952766251 0.401896357536 0.00282140317542 0.00605513092782
0.785829937107 0.727919101715 0.671696830924 0.664517844095 0.0579108353919 0.114133106183 0.121312093012 -0.0810319259763 0.00565454872053 0.00631220703161
0.680292425742 0.809664487839 0.705133819482 0.687638029344 -0.129372062097 -0.02484139374 -0.00734560360179 -0.139560118318 0.00773239055645 0.00772869412805
0.652556727259 0.447985887527 0.467290304743 0.494992118285 0.204570839732 0.185266422516 0.157564608974 0.386467844248 0.0104822367735 0.00919917937637
0.82805558862 0.465641975403 0.761487601485 0.75669887895 0.362413613217 0.0665679871354 0.0713567096697 -0.326350390911 0.0108583807403 0.00984932241427
0.731565236256 0.831081390381 0.764438897228 0.759189684403 -0.0995161541249 -0.0328736609715 -0.0276244481472 0.155013732612 0.00407192714836 0.00671274836582
0.491971003012 0.675863981247 0.679330584766 0.695256428687 -0.183892978235 -0.187359581754 -0.203285425675 0.0305570065975 0.00422276374746 0.00834939626564
0.852386938167 0.937735795975 0.775403965876 0.762344488284 -0.0853488578077 0.0769829722906 0.090042449883 -0.193971455097 0.00287400555426 0.00765774421369
0.710715821944 0.311726808548 0.499142175514 0.536113871891 0.398989013396 0.21157364643 0.174601950053 -0.00220786035061 0.0046723688597 0.00593370792468
0.743682702951 0.296318054199 0.549542682278 0.533550031096 0.447364648752 0.194140020673 0.210132671855 0.39169831574 0.00704024134079 0.014095225197
0.798991526091 0.52147936821 0.715471762904 0.740823544324 0.277512157881 0.0835197631873 0.0581679817672 -0.16778691113 0.00292450019371 0.0133854797521
0.756792120176 0.749578475952 0.618291188373 0.645798166288 0.00721364422385 0.138500931803 0.110993953888 -0.352118641138 0.0198799147236 0.0169450861651
