# resid_index #
x = [3, 4, 5, 6, 7, 9, 10, 11, 12, 13, 14, 16, 18, 19, 20, 21, 24, 26, 34, 35]

# s2_predicted_LR #
y1 = [0.8066289387212897, 0.6752119485258457, 0.7249117714714697, 0.7237392353569219, 0.7682433945617306, 0.5375660184790483, 0.34827656913424115, 0.6254519911275558, 0.24393267566957438, 0.7904397072982186, 0.661591876749221, 0.7079403705909868, 0.6979317771203626, 0.6783460374948758, 0.41132016126683074, 0.6152840972192706, 0.7013152616684548, 0.8048554844859341, 0.7607425176740994, 0.7129520560910103]

# s2_predicted_RF #
y2 = [0.7395970568143996, 0.7355638546812608, 0.8040212322616801, 0.8324846588586199, 0.7350492678997507, 0.5634452789335803, 0.4017139461549494, 0.7422478442908014, 0.35951885904234393, 0.8151888153069957, 0.8347040027664625, 0.7312808559525473, 0.7044707396393839, 0.7744612658774753, 0.6086010930220974, 0.517208938816397, 0.7619925585001773, 0.7990315645341555, 0.7126723339471027, 0.6364976227216784]

# s2_measured #
y3 = [0.831138948291, 0.815544812019, 0.799283071469, 0.811626239916, 0.81472899248, 0.698090605191, 0.57109343066, 0.470150178151, 0.362028396382, 0.818951136094, 0.826512552458, 0.82805558862, 0.806618291692, 0.791630762989, 0.57520474948, 0.710715821944, 0.82653742244, 0.83335132482, 0.827892511079, 0.806840390225]

#s2_diff (measured - predicted_LR)# 
y1 = [0.024510009569710278, 0.14033286349315433, 0.07437129999753034, 0.08788700455907816, 0.04648559791826934, 0.1605245867119517, 0.2228168615257588, -0.15530181297655576, 0.11809572071242563, 0.0285114287957815, 0.164920675708779, 0.12011521802901315, 0.10868651457163736, 0.11328472549412427, 0.16388458821316926, 0.09543172472472938, 0.12522216077154513, 0.028495840334065825, 0.06714999340490058, 0.09388833413398967]

#s2_diff (measured - predicted_RF)# 
y2 = [0.09154189147660041, 0.07998095733773913, -0.0047381607926800795, -0.02085841894261986, 0.0796797245802493, 0.13464532625741965, 0.16937948450505058, -0.27209766613980135, 0.002509537339656087, 0.0037623207870043363, -0.008191450308462467, 0.09677473266745262, 0.10214755205261605, 0.017169497111524712, -0.03339634354209742, 0.193506883127603, 0.06454486393982262, 0.03431976028584449, 0.11522017713189725, 0.17034276750332156]




Measured/LR:
Kendalltau = 0.63157894736842102
p_value = 9.8884023988488656e-05

Measured/RF:
Kendalltau = 0.40000000000000002
p_value = 0.013672079576637059